33554448
33554464
33619984
33620002
33620018
33620034
33620050
33620066
33620082
33620098
33620114
33620130
33620146
33620162
33620178
33620194
33620210
33620226
33620242
33620258
33620274
33620290
33620306
33620322
33620338
33620354
33620370
33620386
33620402
33620418
33620434
33620450
33620466
33620482
33620498
33620514
33620530
33620546
33620562
33620578
33620594
33620610
33620626
33620642
33620658
33620674
33620690
33620706
33620722
33620738
33620754
33620770
33620786
33620802
33620818
33620834
33620850
33620866
33620882
33620898
33620914
33620930
33620946
33620962
33620978
33620994
33621010
33620003
33620019
33620035
33620051
33620067
33620083
33620099
33620115
33620131
33620147
33620163
33620179
33620195
33620211
33620227
33620243
33620259
33620275
33620291
33620307
33620323
33620339
33620355
33620371
33620387
33620403
33620419
33620435
33620451
33620467
33620483
33620499
33620515
33620531
33620547
33620563
33620579
33620595
33620611
33620627
33620643
33620659
33620675
33620691
33620707
33620723
33620739
33620755
33620771
33620787
33620803
33620819
33620835
33620851
33620867
33620883
33620899
33620915
33620931
33620947
33620963
33620979
33620995
33621011
33621026
33621042
33621058
33621074
33621090
33621106
33621122
33621138
33621154
33621170
33621186
33621202
33621218
33621234
33621250
33621266
33621282
33621298
33621314
33621330
33621346
33621362
33621378
33621394
33621410
33621426
33621442
33621458
33621474
33621490
33621506
33621522
33621027
33621043
33621059
33621075
33621091
33621107
33621123
33621139
33621155
33621171
33621187
33621203
33621219
33621235
33621251
33621267
33621283
33621299
33621315
33621331
33621347
33621363
33621379
33621395
33621411
33621427
33621443
33621459
33621475
33621491
33621507
33621523
33621538
33621554
33621570
33621586
33621602
33621618
33621634
33621650
33621666
33621682
33621698
33621714
33621730
33621746
33621762
33621778
33621794
33621810
33621826
33621842
33621858
33621874
33621890
33621906
33621922
33621938
33621954
33621970
33621986
33622002
33622018
33622034
33622050
33622066
33622082
33622098
33622114
33622130
33622146
33622162
33622178
33622194
33622210
33622226
33622242
33622258
33622274
33622290
33622306
33622322
33622338
33622354
33622370
33622386
33622402
33622418
33622434
33622450
33622466
33622482
33622498
33622514
33622530
33622546
33622562
33622578
33622594
33622610
33622626
33622642
33622658
33622674
33622690
33622706
33622722
33622738
33622754
33622770
33622786
33622802
33622818
33622834
33622850
33622866
33622882
33622898
33622914
33622930
33622946
33622962
33622978
33622994
33623010
33623026
33623042
33623058
33621539
33621555
33621571
33621587
33621603
33621619
33621635
33621651
33621667
33621683
33621699
33621715
33621731
33621747
33621763
33621779
33621795
33621811
33621827
33621843
33621859
33621875
33621891
33621907
33621923
33621939
33621955
33621971
33621987
33622003
33622019
33622035
33622051
33622067
33622083
33622099
33622115
33622131
33622147
33622163
33622179
33622195
33622211
33622227
33622243
33622259
33622275
33622291
33622307
33622323
33622339
33622355
33622371
33622387
33622403
33622419
33622435
33622451
33622467
33622483
33622499
33622515
33622531
33622547
33622563
33622579
33622595
33622611
33622627
33622643
33622659
33622675
33622691
33622707
33622723
33622739
33622755
33622771
33622787
33622803
33622819
33622835
33622851
33622867
33622883
33622899
33622915
33622931
33622947
33622963
33622979
33622995
33623011
33623027
33623043
33623059
33623296
33623312
33623328
33623344
33623360
33623376
33623392
33623408
33623424
33623440
33623456
33623472
33623488
33623504
33623552
33623568
33623584
33623600
33623616
33623632
33623648
33623664
33623680
33623696
33623712
33623728
33623808
33623824
33623840
33623856
33623872
33623888
33623904
33623920
33623936
33623952
33623968
33623984
33624000
33624016
33624032
33624048
33624064
33624080
33624096
33624112
33624128
33624144
33624160
33624176
33624192
33624208
33624224
33624240
33624256
33624272
33624288
33624304
33624320
33624336
33624352
33624368
33624384
33624400
33624416
33624432
33624448
33624464
33624480
33624496
33624512
33624528
33624544
33624560
33624576
33624592
33624608
33624624
33624640
33624656
33624672
33624688
33624704
33624720
33624736
33624752
33624768
33624784
33624800
33624816
33624832
33624848
33624864
33624880
33624896
33624912
33624928
33624944
33624960
33624976
33624992
33625008
33625024
33625040
33625056
33625072
33625088
33625104
33625120
33625136
33625152
33625168
33625184
33625200
33625216
33625232
33625248
33625264
33625280
33625296
33625312
33625328
33625344
33625360
33625376
33625392
33625408
33625424
33625440
33625456
33625472
33625488
33625504
33625520
33625536
33625552
33625568
33625584
33625600
33625616
33625632
33625648
33625664
33625680
33625696
33625712
33625728
33625744
33625760
33625776
33625792
33625808
33625824
33625840
33625856
33625872
33625888
33625904
33625920
33625936
33625952
33625968
33625984
33626000
33626016
33626032
33626048
33626064
33626080
33626096
33626112
33626128
33626144
33626160
33626176
33626192
33626208
33626224
33626240
33626256
33626272
33626288
33626304
33626320
33626336
33626352
33626368
33626384
33626400
33626416
33626432
33626448
33626464
33626480
33626496
33626512
33626528
33626544
33626560
33626576
33626592
33626608
33626624
33626640
33626656
33626672
33626688
33626704
33626720
33626736
33626752
33626768
33626784
33626800
33626816
33626832
33626848
33626864
33626880
33626896
33626912
33626928
33626944
33626960
33626976
33626992
33627008
33627024
33627040
33627056
33627072
33627088
33627104
33627120
33627136
33627152
33627168
33627184
33627200
33627216
34673154
34673170
34673186
34673202
34673218
34673234
34673250
34673266
34673282
34673298
34673314
34673330
34673346
34673362
34673378
34673394
34673410
34673426
34673442
34673458
34673474
34673490
34673506
34673522
34673538
34673554
34673570
34673586
34673602
34673618
34673634
34673650
34673155
34673171
34673187
34673203
34673219
34673235
34673251
34673267
34673283
34673299
34673315
34673331
34673347
34673363
34673379
34673395
34673411
34673427
34673443
34673459
34673475
34673491
34673507
34673523
34673539
34673555
34673571
34673587
34673603
34673619
34673635
34673651
33685520
33685536
33685552
33685568
33685584
33685600
33685616
33685632
33685648
33685664
33685680
33685696
33685712
33685728
33685744
33685760
33751056
33751072
33751088
33751104
33751120
33751136
33751152
33751168
33816592
33816608
33554432
33554434
33554435
35032321
35032337
35032353
35032369
35032385
35032401
35032417
35032433
35032449
35032465
35032322
35032338
35032354
35032370
35032386
35032402
35032418
35032434
35032450
35032466
35032833
35032849
35032865
35032881
35032897
35032913
35032929
35032945
35032961
35032977
35032834
35032850
35032866
35032882
35032898
35032914
35032930
35032946
35032962
35032978
35033345
35033361
35033377
35033393
35033346
35033362
35033378
35033394
35033601
35033617
35033633
35033649
35033602
35033618
35033634
35033650
35033857
35033858
35033873
35033874
35033889
35033890
35033905
35033906
35033921
35033937
35033953
35033969
35033985
35034001
35034017
35034033
35034049
35034065
35033922
35033938
35033954
35033970
35033986
35034002
35034018
35034034
35034050
35034066
35034433
35034449
35034465
35034481
35034497
35034513
35034529
35034545
35034561
35034577
35034434
35034450
35034466
35034482
35034498
35034514
35034530
35034546
35034562
35034578
35034945
35034961
35034977
35034993
35035009
35035025
35035041
35035057
35035073
35035089
35034946
35034962
35034978
35034994
35035010
35035026
35035042
35035058
35035074
35035090
35035457
35035473
35035489
35035505
35035521
35035537
35035553
35035569
35035585
35035601
35035458
35035474
35035490
35035506
35035522
35035538
35035554
35035570
35035586
35035602
35035969
35035985
35036001
35036017
35036033
35036049
35036065
35036081
35036097
35036113
35035970
35035986
35036002
35036018
35036034
35036050
35036066
35036082
35036098
35036114
35036481
35036497
35036513
35036529
35036545
35036561
35036577
35036593
35036609
35036625
35036482
35036498
35036514
35036530
35036546
35036562
35036578
35036594
35036610
35036626
35036993
35037009
35037025
35037041
35037057
35037073
35037089
35037105
35037121
35037137
35036994
35037010
35037026
35037042
35037058
35037074
35037090
35037106
35037122
35037138
35037505
35037521
35037537
35037553
35037569
35037585
35037601
35037617
35037633
35037649
35037506
35037522
35037538
35037554
35037570
35037586
35037602
35037618
35037634
35037650
35038017
35038018
35038033
35038034
35038049
35038050
35038065
35038066
35038081
35038082
35038097
35038098
35038113
35038114
35038129
35038130
35038145
35038146
35038161
35038162
35021009
35021010
35021013
35021014
35021017
35021018
35021021
35021022
35021025
35021026
35021029
35021030
35021033
35021034
35021035
35021036
35021037
35021038
35027248
35027264
35027282
35027283
35027298
35027299
35027314
35027315
35027330
35027331
35027346
35027347
35027362
35027363
35027378
35027379
35027394
35027395
