33882417
33882418
33882419
33882593
33882594
33882609
33882610
33882770
33882771
33882818
33882819
33882866
33882867
33882882
33882883
33882930
33882931
33883138
33883139
33883154
33883155
33883186
33883187
33883234
33883235
33883250
33883251
33883266
33883267
33883282
33883283
33883394
33883395
33883522
33883523
33883554
33883555
33883586
33883587
33883650
33883651
33883666
33883667
33884130
33884131
33888258
33888259
33888290
33888291
33888338
33888339
33888354
33888355
33888370
33888371
33888402
33888403
33888530
33888531
33888546
33888547
33888578
33888579
33888626
33888627
33888658
33888659
33888674
33888675
33890594
33890595
33890626
33890627
33895266
33895267
33896706
33896707
33900610
33900611
33900658
33900659
33947681
34146994
34146995
34148018
34148019
34149810
34149811
34149986
34149987
34150034
34150035
34150050
34150051
34150082
34150083
34150114
34150115
34150130
34150131
34155520
34155648
34155664
34155680
34155696
34155712
34155728
34155744
34155776
34155792
34155808
34155824
34155840
34155856
34155872
34155888
34155936
34155952
34155968
34155984
34156000
34156016
34156032
34156048
34156064
34156080
34156096
34156112
34156128
34156144
34156160
34156176
34156192
34156208
34156224
34156240
34156256
34156272
35012432
35012449
35021858
35021859
35021906
35021907
35026594
35026595
35028994
