33554448
33554464
33619984
33620002
33620018
33620034
33620050
33620066
33620082
33620098
33620114
33620130
33620146
33620162
33620178
33620194
33620210
33620226
33620242
33620258
33620274
33620290
33620306
33620322
33620338
33620354
33620370
33620386
33620402
33620418
33620434
33620450
33620466
33620482
33620498
33620514
33620530
33620546
33620562
33620578
33620594
33620610
33620626
33620642
33620658
33620674
33620690
33620706
33620722
33620738
33620754
33620770
33620786
33620802
33620818
33620834
33620850
33620866
33620882
33620898
33620914
33620930
33620946
33620962
33620978
33620994
33621010
33620003
33620019
33620035
33620051
33620067
33620083
33620099
33620115
33620131
33620147
33620163
33620179
33620195
33620211
33620227
33620243
33620259
33620275
33620291
33620307
33620323
33620339
33620355
33620371
33620387
33620403
33620419
33620435
33620451
33620467
33620483
33620499
33620515
33620531
33620547
33620563
33620579
33620595
33620611
33620627
33620643
33620659
33620675
33620691
33620707
33620723
33620739
33620755
33620771
33620787
33620803
33620819
33620835
33620851
33620867
33620883
33620899
33620915
33620931
33620947
33620963
33620979
33620995
33621011
33621026
33621042
33621058
33621074
33621090
33621106
33621122
33621138
33621154
33621170
33621186
33621202
33621218
33621234
33621250
33621266
33621282
33621298
33621314
33621330
33621346
33621362
33621378
33621394
33621410
33621426
33621442
33621458
33621474
33621490
33621506
33621522
33621027
33621043
33621059
33621075
33621091
33621107
33621123
33621139
33621155
33621171
33621187
33621203
33621219
33621235
33621251
33621267
33621283
33621299
33621315
33621331
33621347
33621363
33621379
33621395
33621411
33621427
33621443
33621459
33621475
33621491
33621507
33621523
33621538
33621554
33621570
33621586
33621602
33621618
33621634
33621650
33621666
33621682
33621698
33621714
33621730
33621746
33621762
33621778
33621794
33621810
33621826
33621842
33621858
33621874
33621890
33621906
33621922
33621938
33621954
33621970
33621986
33622002
33622018
33622034
33622050
33622066
33622082
33622098
33622114
33622130
33622146
33622162
33622178
33622194
33622210
33622226
33622242
33622258
33622274
33622290
33622306
33622322
33622338
33622354
33622370
33622386
33622402
33622418
33622434
33622450
33622466
33622482
33622498
33622514
33622530
33622546
33622562
33622578
33622594
33622610
33622626
33622642
33622658
33622674
33622690
33622706
33622722
33622738
33622754
33622770
33622786
33622802
33622818
33622834
33622850
33622866
33622882
33622898
33622914
33622930
33622946
33622962
33622978
33622994
33623010
33623026
33623042
33623058
33621539
33621555
33621571
33621587
33621603
33621619
33621635
33621651
33621667
33621683
33621699
33621715
33621731
33621747
33621763
33621779
33621795
33621811
33621827
33621843
33621859
33621875
33621891
33621907
33621923
33621939
33621955
33621971
33621987
33622003
33622019
33622035
33622051
33622067
33622083
33622099
33622115
33622131
33622147
33622163
33622179
33622195
33622211
33622227
33622243
33622259
33622275
33622291
33622307
33622323
33622339
33622355
33622371
33622387
33622403
33622419
33622435
33622451
33622467
33622483
33622499
33622515
33622531
33622547
33622563
33622579
33622595
33622611
33622627
33622643
33622659
33622675
33622691
33622707
33622723
33622739
33622755
33622771
33622787
33622803
33622819
33622835
33622851
33622867
33622883
33622899
33622915
33622931
33622947
33622963
33622979
33622995
33623011
33623027
33623043
33623059
33623296
33623312
33623328
33623344
33623360
33623376
33623392
33623408
33623424
33623440
33623456
33623472
33623488
33623504
33623552
33623568
33623584
33623600
33623616
33623632
33623648
33623664
33623680
33623696
33623712
33623728
33623808
33623824
33623840
33623856
33623872
33623888
33623904
33623920
33623936
33623952
33623968
33623984
33624000
33624016
33624032
33624048
33624064
33624080
33624096
33624112
33624128
33624144
33624160
33624176
33624192
33624208
33624224
33624240
33624256
33624272
33624288
33624304
33624320
33624336
33624352
33624368
33624384
33624400
33624416
33624432
33624448
33624464
33624480
33624496
33624512
33624528
33624544
33624560
33624576
33624592
33624608
33624624
33624640
33624656
33624672
33624688
33624704
33624720
33624736
33624752
33624768
33624784
33624800
33624816
33624832
33624848
33624864
33624880
33624896
33624912
33624928
33624944
33624960
33624976
33624992
33625008
33625024
33625040
33625056
33625072
33625088
33625104
33625120
33625136
33625152
33625168
33625184
33625200
33625216
33625232
33625248
33625264
33625280
33625296
33625312
33625328
33625344
33625360
33625376
33625392
33625408
33625424
33625440
33625456
33625472
33625488
33625504
33625520
33625536
33625552
33625568
33625584
33625600
33625616
33625632
33625648
33625664
33625680
33625696
33625712
33625728
33625744
33625760
33625776
33625792
33625808
33625824
33625840
33625856
33625872
33625888
33625904
33625920
33625936
33625952
33625968
33625984
33626000
33626016
33626032
33626048
33626064
33626080
33626096
33626112
33626128
33626144
33626160
33626176
33626192
33626208
33626224
33626240
33626256
33626272
33626288
33626304
33626320
33626336
33626352
33626368
33626384
33626400
33626416
33626432
33626448
33626464
33626480
33626496
33626512
33626528
33626544
33626560
33626576
33626592
33626608
33626624
33626640
33626656
33626672
33626688
33626704
33626720
33626736
33626752
33626768
33626784
33626800
33626816
33626832
33626848
33626864
33626880
33626896
33626912
33626928
33626944
33626960
33626976
33626992
33627008
33627024
33627040
33627056
33627072
33627088
33627104
33627120
33627136
33627152
33627168
33627184
33627200
33627216
34673154
34673170
34673186
34673202
34673218
34673234
34673250
34673266
34673282
34673298
34673314
34673330
34673346
34673362
34673378
34673394
34673410
34673426
34673442
34673458
34673474
34673490
34673506
34673522
34673538
34673554
34673570
34673586
34673602
34673618
34673634
34673650
34673155
34673171
34673187
34673203
34673219
34673235
34673251
34673267
34673283
34673299
34673315
34673331
34673347
34673363
34673379
34673395
34673411
34673427
34673443
34673459
34673475
34673491
34673507
34673523
34673539
34673555
34673571
34673587
34673603
34673619
34673635
34673651
33685520
33685536
33685552
33685568
33685584
33685600
33685616
33685632
33685648
33685664
33685680
33685696
33685712
33685728
33685744
33685760
33751056
33751072
33751088
33751104
33751120
33751136
33751152
33751168
33816592
33816608
33554432
33554434
33554435
35032321
35032337
35032353
35032369
35032385
35032401
35032417
35032433
35032449
35032465
35032322
35032338
35032354
35032370
35032386
35032402
35032418
35032434
35032450
35032466
35032833
35032849
35032865
35032881
35032897
35032913
35032929
35032945
35032961
35032977
35032834
35032850
35032866
35032882
35032898
35032914
35032930
35032946
35032962
35032978
35033345
35033361
35033377
35033393
35033346
35033362
35033378
35033394
35033601
35033617
35033633
35033649
35033602
35033618
35033634
35033650
35033857
35033858
35033873
35033874
35033889
35033890
35033905
35033906
35033921
35033937
35033953
35033969
35033985
35034001
35034017
35034033
35034049
35034065
35033922
35033938
35033954
35033970
35033986
35034002
35034018
35034034
35034050
35034066
35034433
35034449
35034465
35034481
35034497
35034513
35034529
35034545
35034561
35034577
35034434
35034450
35034466
35034482
35034498
35034514
35034530
35034546
35034562
35034578
35034945
35034961
35034977
35034993
35035009
35035025
35035041
35035057
35035073
35035089
35034946
35034962
35034978
35034994
35035010
35035026
35035042
35035058
35035074
35035090
35035457
35035473
35035489
35035505
35035521
35035537
35035553
35035569
35035585
35035601
35035458
35035474
35035490
35035506
35035522
35035538
35035554
35035570
35035586
35035602
35035969
35035985
35036001
35036017
35036033
35036049
35036065
35036081
35036097
35036113
35035970
35035986
35036002
35036018
35036034
35036050
35036066
35036082
35036098
35036114
35036481
35036497
35036513
35036529
35036545
35036561
35036577
35036593
35036609
35036625
35036482
35036498
35036514
35036530
35036546
35036562
35036578
35036594
35036610
35036626
35036993
35037009
35037025
35037041
35037057
35037073
35037089
35037105
35037121
35037137
35036994
35037010
35037026
35037042
35037058
35037074
35037090
35037106
35037122
35037138
35037505
35037521
35037537
35037553
35037569
35037585
35037601
35037617
35037633
35037649
35037506
35037522
35037538
35037554
35037570
35037586
35037602
35037618
35037634
35037650
35038017
35038018
35038033
35038034
35038049
35038050
35038065
35038066
35038081
35038082
35038097
35038098
35038113
35038114
35038129
35038130
35038145
35038146
35038161
35038162
35021009
35021010
35021013
35021014
35021017
35021018
35021021
35021022
35021025
35021026
35021029
35021030
35021033
35021034
35021035
35021036
35021037
35021038
35027248
35027264
35027282
35027283
35027298
35027299
35027314
35027315
35027330
35027331
35027346
35027347
35027362
35027363
35027378
35027379
35027394
35027395
35027410
35027411
35027426
35027427
35027442
35027443
35029042
35029058
35029074
35029090
35029106
35029122
35029043
35029059
35029075
35029091
35029107
35029123
35029138
35029154
35029170
35029186
35029202
35029218
35029139
35029155
35029171
35029187
35029203
35029219
35029234
35029235
35029250
35029266
35029282
35029298
35029314
35029330
35029251
35029267
35029283
35029299
35029315
35029331
35029346
35029347
35029362
35029363
35029394
35029395
35029410
35029411
35029426
35029442
35029458
35029474
35029490
35029506
35029427
35029443
35029459
35029475
35029491
35029507
33882160
33882144
33882384
33882400
33882417
33882418
33882419
33882432
33882448
33882464
33882529
33882530
33882531
33882532
33882534
33882535
33882545
33882546
33882547
33882548
33882550
33882551
33882593
33882594
33882609
33882610
33882624
33882640
33906704
33906720
33906736
33882770
33882771
33882786
33882787
33882802
33882803
33882818
33882819
33882834
33882835
33882850
33882851
33882866
33882867
33882882
33882883
33882898
33882899
33882914
33882915
33882930
33882931
33883138
33883154
33883170
33883186
33883202
33883218
33883234
33883250
33883266
33883282
33883298
33883314
33883330
33883346
33883362
33883378
33883394
33883410
33883426
33883442
33883458
33883474
33883490
33883506
33883522
33883538
33883554
33883570
33883586
33883602
33883618
33883634
33883650
33883666
33883682
33883698
33883714
33883730
33883746
33883762
33883778
33883794
33883810
33883826
33883842
33883858
33883874
33883890
33883906
33883922
33883938
33883954
33883970
33883986
33884002
33884018
33884034
33884050
33884066
33884082
33884098
33884114
33884130
33884146
33883139
33883155
33883171
33883187
33883203
33883219
33883235
33883251
33883267
33883283
33883299
33883315
33883331
33883347
33883363
33883379
33883395
33883411
33883427
33883443
33883459
33883475
33883491
33883507
33883523
33883539
33883555
33883571
33883587
33883603
33883619
33883635
33883651
33883667
33883683
33883699
33883715
33883731
33883747
33883763
33883779
33883795
33883811
33883827
33883843
33883859
33883875
33883891
33883907
33883923
33883939
33883955
33883971
33883987
33884003
33884019
33884035
33884051
33884067
33884083
33884099
33884115
33884131
33884147
33884162
33884178
33884194
33884210
33884226
33884242
33884258
33884274
33884290
33884306
33884322
33884338
33884354
33884370
33884386
33884402
33884418
33884434
33884450
33884466
33884482
33884498
33884514
33884530
33884546
33884562
33884578
33884594
33884610
33884626
33884642
33884658
33884674
33884690
33884706
33884722
33884738
33884754
33884770
33884786
33884802
33884818
33884834
33884850
33884866
33884882
33884898
33884914
33884930
33884946
33884962
33884978
33884994
33885010
33885026
33885042
33885058
33885074
33885090
33885106
33885122
33885138
33885154
33885170
33884163
33884179
33884195
33884211
33884227
33884243
33884259
33884275
33884291
33884307
33884323
33884339
33884355
33884371
33884387
33884403
33884419
33884435
33884451
33884467
33884483
33884499
33884515
33884531
33884547
33884563
33884579
33884595
33884611
33884627
33884643
33884659
33884675
33884691
33884707
33884723
33884739
33884755
33884771
33884787
33884803
33884819
33884835
33884851
33884867
33884883
33884899
33884915
33884931
33884947
33884963
33884979
33884995
33885011
33885027
33885043
33885059
33885075
33885091
33885107
33885123
33885139
33885155
33885171
33885186
33885202
33885218
33885234
33885250
33885266
33885282
33885298
33885314
33885330
33885346
33885362
33885378
33885394
33885410
33885426
33885442
33885458
33885474
33885490
33885506
33885522
33885538
33885554
33885570
33885586
33885602
33885618
33885634
33885650
33885666
33885682
33885698
33885714
33885730
33885746
33885762
33885778
33885794
33885810
33885826
33885842
33885858
33885874
33885890
33885906
33885922
33885938
33885954
33885970
33885986
33886002
33886018
33886034
33886050
33886066
33886082
33886098
33886114
33886130
33886146
33886162
33886178
33886194
33886210
33886226
33886242
33886258
33886274
33886290
33886306
33886322
33886338
33886354
33886370
33886386
33886402
33886418
33886434
33886450
33886466
33886482
33886498
33886514
33886530
33886546
33886562
33886578
33886594
33886610
33886626
33886642
33886658
33886674
33886690
33886706
33885187
33885203
33885219
33885235
33885251
33885267
33885283
33885299
33885315
33885331
33885347
33885363
33885379
33885395
33885411
33885427
33885443
33885459
33885475
33885491
33885507
33885523
33885539
33885555
33885571
33885587
33885603
33885619
33885635
33885651
33885667
33885683
33885699
33885715
33885731
33885747
33885763
33885779
33885795
33885811
33885827
33885843
33885859
33885875
33885891
33885907
33885923
33885939
33885955
33885971
33885987
33886003
33886019
33886035
33886051
33886067
33886083
33886099
33886115
33886131
33886147
33886163
33886179
33886195
33886211
33886227
33886243
33886259
33886275
33886291
33886307
33886323
33886339
33886355
33886371
33886387
33886403
33886419
33886435
33886451
33886467
33886483
33886499
33886515
33886531
33886547
33886563
33886579
33886595
33886611
33886627
33886643
33886659
33886675
33886691
33886707
33886722
33886738
33886754
33886770
33886786
33886802
33886818
33886834
33886850
33886866
33886882
33886898
33886914
33886930
33886946
33886962
33886978
33886994
33887010
33887026
33887042
33887058
33887074
33887090
33887106
33887122
33887138
33887154
33887170
33887186
33887202
33887218
33887234
33887250
33887266
33887282
33887298
33887314
33887330
33887346
33887362
33887378
33887394
33887410
33887426
33887442
33887458
33887474
33887490
33887506
33887522
33887538
33887554
33887570
33887586
33887602
33887618
33887634
33887650
33887666
33887682
33887698
33887714
33887730
33887746
33887762
33887778
33887794
33887810
33887826
33887842
33887858
33887874
33887890
33887906
33887922
33887938
33887954
33887970
33887986
33888002
33888018
33888034
33888050
33888066
33888082
33888098
33888114
33888130
33888146
33888162
33888178
33888194
33888210
33888226
33888242
33886723
33886739
33886755
33886771
33886787
33886803
33886819
33886835
33886851
33886867
33886883
33886899
33886915
33886931
33886947
33886963
33886979
33886995
33887011
33887027
33887043
33887059
33887075
33887091
33887107
33887123
33887139
33887155
33887171
33887187
33887203
33887219
33887235
33887251
33887267
33887283
33887299
33887315
33887331
33887347
33887363
33887379
33887395
33887411
33887427
33887443
33887459
33887475
33887491
33887507
33887523
33887539
33887555
33887571
33887587
33887603
33887619
33887635
33887651
33887667
33887683
33887699
33887715
33887731
33887747
33887763
33887779
33887795
33887811
33887827
33887843
33887859
33887875
33887891
33887907
33887923
33887939
33887955
33887971
33887987
33888003
33888019
33888035
33888051
33888067
33888083
33888099
33888115
33888131
33888147
33888163
33888179
33888195
33888211
33888227
33888243
33888258
33888274
33888290
33888306
33888322
33888338
33888354
33888370
33888386
33888402
33888418
33888434
33888450
33888466
33888482
33888498
33888514
33888530
33888546
33888562
33888578
33888594
33888610
33888626
33888642
33888658
33888674
33888690
33888706
33888722
33888738
33888754
33888259
33888275
33888291
33888307
33888323
33888339
33888355
33888371
33888387
33888403
33888419
33888435
33888451
33888467
33888483
33888499
33888515
33888531
33888547
33888563
33888579
33888595
33888611
33888627
33888643
33888659
33888675
33888691
33888707
33888723
33888739
33888755
33888770
33888786
33888802
33888818
33888834
33888850
33888866
33888882
33888898
33888914
33888930
33888946
33888962
33888978
33888994
33889010
33889026
33889042
33889058
33889074
33889090
33889106
33889122
33889138
33889154
33889170
33889186
33889202
33889218
33889234
33889250
33889266
33888771
33888787
33888803
33888819
33888835
33888851
33888867
33888883
33888899
33888915
33888931
33888947
33888963
33888979
33888995
33889011
33889027
33889043
33889059
33889075
33889091
33889107
33889123
33889139
33889155
33889171
33889187
33889203
33889219
33889235
33889251
33889267
33889282
33889298
33889314
33889330
33889346
33889362
33889378
33889394
33889410
33889426
33889442
33889458
33889474
33889490
33889506
33889522
33889538
33889554
33889570
33889586
33889602
33889618
33889634
33889650
33889666
33889682
33889698
33889714
33889730
33889746
33889762
33889778
33889794
33889810
33889826
33889842
33889858
33889874
33889890
33889906
33889922
33889938
33889954
33889970
33889986
33890002
33890018
33890034
33890050
33890066
33890082
33890098
33890114
33890130
33890146
33890162
33890178
33890194
33890210
33890226
33890242
33890258
33890274
33890290
33889283
33889299
33889315
33889331
33889347
33889363
33889379
33889395
33889411
33889427
33889443
33889459
33889475
33889491
33889507
33889523
33889539
33889555
33889571
33889587
33889603
33889619
33889635
33889651
33889667
33889683
33889699
33889715
33889731
33889747
33889763
33889779
33889795
33889811
33889827
33889843
33889859
33889875
33889891
33889907
33889923
33889939
33889955
33889971
33889987
33890003
33890019
33890035
33890051
33890067
33890083
33890099
33890115
33890131
33890147
33890163
33890179
33890195
33890211
33890227
33890243
33890259
33890275
33890291
33896322
33896338
33896354
33896370
33896386
33896402
33896418
33896434
33896323
33896339
33896355
33896371
33896387
33896403
33896419
33896435
33890306
33890322
33890338
33890354
33890370
33890386
33890402
33890418
33890434
33890450
33890466
33890482
33890498
33890514
33890530
33890546
33890562
33890578
33890594
33890610
33890626
33890642
33890658
33890674
33890690
33890706
33890722
33890738
33890754
33890770
33890786
33890802
33890307
33890323
33890339
33890355
33890371
33890387
33890403
33890419
33890435
33890451
33890467
33890483
33890499
33890515
33890531
33890547
33890563
33890579
33890595
33890611
33890627
33890643
33890659
33890675
33890691
33890707
33890723
33890739
33890755
33890771
33890787
33890803
35024898
35024899
35024914
35024915
35024930
35024931
35024946
35024947
35024962
35024963
35024978
35024979
35024994
35024995
35025010
35025011
33891297
33891298
33891299
33891313
33891314
33891315
34155520
34155536
34155552
34155568
34155584
34155600
34155616
34155632
34155648
34155664
34155680
34155696
34155712
34155728
34155744
34155760
34155776
34155792
34155808
34155824
34155840
34155856
34155872
34155888
34155904
34155920
34155936
34155952
34155968
34155984
34156000
34156016
34156032
34156048
34156064
34156080
34156096
34156112
34156128
34156144
34156160
34156176
34156192
34156208
34156224
34156240
34156256
34156272
34156288
34156304
34156320
34156336
34156352
34156368
34156384
34156400
34156416
34156432
34156448
34156464
34156480
34156496
34156512
34156528
34156544
34156560
34156576
34156592
34156608
34156624
34156640
34156656
34156672
34156688
34156704
34156720
34156736
34156752
34156768
34156784
34156800
34156816
34156832
34156848
34156864
34156880
34156896
34156912
34156928
34156944
34156960
34156976
34156992
34157008
34157024
34157040
34157056
34157072
34157088
34157104
34157120
34157136
34157152
34157168
34157184
34157200
34157216
34157232
34157248
34157264
34157280
34157296
34157312
34157328
34157344
34157360
34157376
34157392
34157408
34157424
34157440
34157456
34157472
34157488
34157504
34157520
34157536
34157552
34157568
34157584
34157600
34157616
34157632
34157648
34157664
34157680
34157696
34157712
34157728
34157744
34157760
34157776
34157792
34157808
34157824
34157840
34157856
34157872
34157888
34157904
34157920
34157936
34157952
34157968
34157984
34158000
34158016
34158032
34158048
34158064
34158080
34158096
34158112
34158128
34158144
34158160
34158176
34158192
34158208
34158224
34158240
34158256
34158272
34158288
34158304
34158320
34158336
34158352
34158368
34158384
34158400
34158416
34158432
34158448
34158464
34158480
34158496
34158512
34158528
34158544
34158560
34158576
34158592
34158608
34158624
34158640
34158656
34158672
34158688
34158704
34158720
34158736
34158752
34158768
34158784
34158800
34158816
34158832
34158848
34158864
34158880
34158896
34158912
34158928
34158944
34158960
34158976
34158992
34159008
34159024
34159040
34159056
34159072
34159088
34159104
34159120
34159136
34159152
34159168
34159184
34159200
34159216
34159232
34159248
34159264
34159280
34159296
34159312
34159328
34159344
34159360
34159376
34159392
34159408
34159424
34159440
34159456
34159472
34159488
34159504
34159520
34159536
34159552
34159568
34159584
34159600
34159616
34159632
34159648
34159664
34159680
34159696
34159712
34159728
34159744
34159760
34159776
34159792
34159808
34159824
34159840
34159856
34159872
34159888
34159904
34159920
34159936
34159952
34159968
34159984
34160000
34160016
34160032
34160048
34160064
34160080
34160096
34160112
34160128
34160144
34160160
34160176
34160192
34160208
34160224
34160240
34160256
34160272
34160288
34160304
34160320
34160336
34160352
34160368
34160384
34160400
34160416
34160432
34160448
34160464
34160480
34160496
34160512
34160528
34160544
34160560
34160576
34160592
34160608
34160624
34160640
34160656
34160672
34160688
34160704
34160720
34160736
34160752
34160768
34160784
34160800
34160816
34160832
34160848
34160864
34160880
34160896
34160912
34160928
34160944
34160960
34160976
34160992
34161008
34161024
34161040
34161056
34161072
34161088
34161104
34161120
34161136
34161152
34161168
34161184
34161200
34161216
34161232
34161248
34161264
34161280
34161296
34161312
34161328
34161344
34161360
34161376
34161392
34161408
34161424
34161440
34161456
34161472
34161488
34161504
34161520
34161536
34161552
34161568
34161584
34161600
34161616
34161632
34161648
34161664
34161680
34161696
34161712
34161728
34161744
34161760
34161776
34161792
34161808
34161824
34161840
34161856
34161872
34161888
34161904
34161920
34161936
34161952
34161968
34161984
34162000
34162016
34162032
34162048
34162064
34162080
34162096
34162112
34162128
34162144
34162160
34162176
34162192
34162208
34162224
34162240
34162256
34162272
34162288
34162304
34162320
34162336
34162352
34162368
34162384
34162400
34162416
34162432
34162448
34162464
34162480
34162496
34162512
34162528
34162544
34162560
34162576
34162592
34162608
34162624
34162640
34162656
34162672
33890817
33890818
33890819
33890833
33890834
33890850
33890851
33890881
33890882
33890896
33890912
33890928
33890944
33890960
33890977
33890978
33890979
33890993
33890994
33890995
33891009
33891010
33891011
33891025
33891026
33891027
33891041
33891042
33891043
33891057
33891058
33891059
33891073
33891074
33891075
33891089
33891090
33891091
33891105
33891106
33891107
33891120
33891136
33891154
33891155
33891169
33891170
33891185
33891186
33891187
33891202
33891203
33891216
33891232
33891330
33891346
33891362
33891378
33891394
33891410
33891426
33891442
33891458
33891474
33891490
33891506
33891522
33891538
33891554
33891570
33891586
33891602
33891618
33891634
33891331
33891347
33891363
33891379
33891395
33891411
33891427
33891443
33891459
33891475
33891491
33891507
33891523
33891539
33891555
33891571
33891587
33891603
33891619
33891635
33891650
33891666
33891682
33891698
33891714
33891730
33891746
33891762
33891778
33891794
33891810
33891826
33891842
33891858
33891874
33891890
33891906
33891922
33891938
33891954
33891651
33891667
33891683
33891699
33891715
33891731
33891747
33891763
33891779
33891795
33891811
33891827
33891843
33891859
33891875
33891891
33891907
33891923
33891939
33891955
33891970
33891986
33892002
33892018
33892034
33892050
33892066
33892082
33892098
33892114
33892130
33892146
33892162
33892178
33892194
33892210
33892226
33892242
33892258
33892274
33891971
33891987
33892003
33892019
33892035
33892051
33892067
33892083
33892099
33892115
33892131
33892147
33892163
33892179
33892195
33892211
33892227
33892243
33892259
33892275
33892290
33892306
33892322
33892338
33892354
33892370
33892386
33892402
33892418
33892434
33892450
33892466
33892482
33892498
33892514
33892530
33892546
33892562
33892578
33892594
33892291
33892307
33892323
33892339
33892355
33892371
33892387
33892403
33892419
33892435
33892451
33892467
33892483
33892499
33892515
33892531
33892547
33892563
33892579
33892595
33892610
33892626
33892642
33892658
33892674
33892690
33892706
33892722
33892738
33892754
33892770
33892786
33892802
33892818
33892834
33892850
33892866
33892882
33892898
33892914
33892930
33892946
33892962
33892978
33892994
33893010
33893026
33893042
33893058
33893074
33893090
33893106
33893122
33893138
33893154
33893170
33893186
33893202
33893218
33893234
33893250
33893266
33893282
33893298
33893314
33893330
33893346
33893362
33893378
33893394
33893410
33893426
33893442
33893458
33893474
33893490
33893506
33893522
33893538
33893554
33893570
33893586
33893602
33893618
33892611
33892627
33892643
33892659
33892675
33892691
33892707
33892723
33892739
33892755
33892771
33892787
33892803
33892819
33892835
33892851
33892867
33892883
33892899
33892915
33892931
33892947
33892963
33892979
33892995
33893011
33893027
33893043
33893059
33893075
33893091
33893107
33893123
33893139
33893155
33893171
33893187
33893203
33893219
33893235
33893251
33893267
33893283
33893299
33893315
33893331
33893347
33893363
33893379
33893395
33893411
33893427
33893443
33893459
33893475
33893491
33893507
33893523
33893539
33893555
33893571
33893587
33893603
33893619
33893634
33893650
33893666
33893682
33893698
33893714
33893730
33893746
33893762
33893778
33893794
33893810
33893826
33893842
33893858
33893874
33893890
33893906
33893922
33893938
33893954
33893970
33893986
33894002
33894018
33894034
33894050
33894066
33894082
33894098
33894114
33894130
33894146
33894162
33894178
33894194
33894210
33894226
33894242
33894258
33894274
33894290
33894306
33894322
33894338
33894354
33894370
33894386
33894402
33894418
33894434
33894450
33894466
33894482
33894498
33894514
33894530
33894546
33894562
33894578
33894594
33894610
33894626
33894642
33894658
33894674
33894690
33894706
33894722
33894738
33894754
33894770
33894786
33894802
33894818
33894834
33894850
33894866
33894882
33894898
33894914
33894930
33894946
33894962
33894978
33894994
33895010
33895026
33895042
33895058
33895074
33895090
33895106
33895122
33895138
