33554448
33554464
33620002
33620018
33620034
33620050
33620066
33620082
33620098
33620114
33620130
33620146
33620162
33620178
33620194
33620258
33620290
33620322
33620354
33620386
33620418
33620450
33620482
33620514
33620530
33620578
33620594
33620610
33620626
33620642
33620658
33620674
33620706
33620738
33620962
33620978
33620994
33620003
33620019
33620035
33620051
33620067
33620083
33620099
33620115
33620131
33620147
33620163
33620179
33620195
33620259
33620291
33620323
33620355
33620387
33620419
33620451
33620483
33620515
33620531
33620579
33620595
33620611
33620627
33620643
33620659
33620675
33620707
33620739
33620963
33620979
33620995
33621026
33621042
33621058
33621074
33621106
33621122
33621138
33621154
33621170
33621186
33621202
33621218
33621234
33621250
33621266
33621282
33621298
33621314
33621330
33621346
33621362
33621394
33621426
33621442
33621458
33621027
33621043
33621059
33621075
33621107
33621123
33621139
33621155
33621171
33621187
33621203
33621219
33621235
33621251
33621267
33621283
33621299
33621315
33621331
33621347
33621363
33621395
33621427
33621443
33621459
33621794
33621810
33621826
33621842
33621858
33621874
33621890
33621906
33621922
33621938
33621954
33621970
33621986
33622002
33622018
33622034
33622050
33622066
33622082
33622098
33622114
33622130
33622146
33622162
33622178
33622194
33622210
33622226
33622242
33622258
33622274
33622290
33622306
33622322
33622338
33622354
33622370
33622386
33622402
33622418
33622434
33622450
33622466
33622482
33622498
33622514
33622530
33622546
33622562
33622578
33622594
33622610
33622626
33622642
33622658
33622674
33622722
33622738
33622754
33622770
33622802
33622818
33622834
33622850
33622866
33622882
33622898
33621795
33621811
33621827
33621843
33621859
33621875
33621891
33621907
33621923
33621939
33621955
33621971
33621987
33622003
33622019
33622035
33622051
33622067
33622083
33622099
33622115
33622131
33622147
33622163
33622179
33622195
33622211
33622227
33622243
33622259
33622275
33622291
33622307
33622323
33622339
33622355
33622371
33622387
33622403
33622419
33622435
33622451
33622467
33622483
33622499
33622515
33622531
33622547
33622563
33622579
33622595
33622611
33622627
33622643
33622659
33622675
33622723
33622739
33622755
33622771
33622803
33622819
33622835
33622851
33622867
33622883
33622899
33623296
33623328
33623360
33623376
33623392
33623408
33623424
33623440
33623456
33623552
33623568
33623584
33623600
33623616
33623632
33623648
33623664
33623680
33623696
33623712
33624096
33624112
33624128
33624144
33624160
33624176
33624192
33624208
33624224
33624240
33624256
33624272
33624320
33624384
33624400
33624416
33624432
33624448
33624464
33624480
33624496
33624512
33624528
33624592
