33554448
33554464
33619984
33620002
33620018
33620034
33620050
33620066
33620082
33620098
33620114
33620130
33620146
33620162
33620178
33620194
33620210
33620226
33620242
33620258
33620274
33620290
33620306
33620322
33620338
33620354
33620370
33620386
33620402
33620418
33620434
33620450
33620466
33620482
33620498
33620514
33620530
33620546
33620562
33620578
33620594
33620610
33620626
33620642
33620658
33620674
33620690
33620706
33620722
33620738
33620754
33620770
33620786
33620802
33620818
33620834
33620850
33620866
33620882
33620898
33620914
33620930
33620946
33620962
33620978
33620994
33621010
33620003
33620019
33620035
33620051
33620067
33620083
33620099
33620115
33620131
33620147
33620163
33620179
33620195
33620211
33620227
33620243
33620259
33620275
33620291
33620307
33620323
33620339
33620355
33620371
33620387
33620403
33620419
33620435
33620451
33620467
33620483
33620499
33620515
33620531
33620547
33620563
33620579
33620595
33620611
33620627
33620643
33620659
33620675
33620691
33620707
33620723
33620739
33620755
33620771
33620787
33620803
33620819
33620835
33620851
33620867
33620883
33620899
33620915
33620931
33620947
33620963
33620979
33620995
33621011
33621026
33621042
33621058
33621074
33621090
33621106
33621122
33621138
33621154
33621170
33621186
33621202
33621218
33621234
33621250
33621266
33621282
33621298
33621314
33621330
33621346
33621362
33621378
33621394
33621410
33621426
33621442
33621458
33621474
33621490
33621506
33621522
33621027
33621043
33621059
33621075
33621091
33621107
33621123
33621139
33621155
33621171
33621187
33621203
33621219
33621235
33621251
33621267
33621283
33621299
33621315
33621331
33621347
33621363
33621379
33621395
33621411
33621427
33621443
33621459
33621475
33621491
33621507
33621523
33621538
33621554
33621570
33621586
33621602
33621618
33621634
33621650
33621666
33621682
33621698
33621714
33621730
33621746
33621762
33621778
33621794
33621810
33621826
33621842
33621858
33621874
33621890
33621906
33621922
33621938
33621954
33621970
33621986
33622002
33622018
33622034
33622050
33622066
33622082
33622098
33622114
33622130
33622146
33622162
33622178
33622194
33622210
33622226
33622242
33622258
33622274
33622290
33622306
33622322
33622338
33622354
33622370
33622386
33622402
33622418
33622434
33622450
33622466
33622482
33622498
33622514
33622530
33622546
33622562
33622578
33622594
33622610
33622626
33622642
33622658
33622674
33622690
33622706
33622722
33622738
33622754
33622770
33622786
33622802
33622818
33622834
33622850
33622866
33622882
33622898
33622914
33622930
33622946
33622962
33622978
33622994
33623010
33623026
33623042
33623058
33621539
33621555
33621571
33621587
33621603
33621619
33621635
33621651
33621667
33621683
33621699
33621715
33621731
33621747
33621763
33621779
33621795
33621811
33621827
33621843
33621859
33621875
33621891
33621907
33621923
33621939
33621955
33621971
33621987
33622003
33622019
33622035
33622051
33622067
33622083
33622099
33622115
33622131
33622147
33622163
33622179
33622195
33622211
33622227
33622243
33622259
33622275
33622291
33622307
33622323
33622339
33622355
33622371
33622387
33622403
33622419
33622435
33622451
33622467
33622483
33622499
33622515
33622531
33622547
33622563
33622579
33622595
33622611
33622627
33622643
33622659
33622675
33622691
33622707
33622723
33622739
33622755
33622771
33622787
33622803
33622819
33622835
33622851
33622867
33622883
33622899
33622915
33622931
33622947
33622963
33622979
33622995
33623011
33623027
33623043
33623059
33623296
33623312
33623328
33623344
33623360
33623376
33623392
33623408
33623424
33623440
33623456
33623472
33623488
33623504
33623552
33623568
33623584
33623600
33623616
33623632
33623648
33623664
33623680
33623696
33623712
33623728
33623808
33623824
33623840
33623856
33623872
33623888
33623904
33623920
33623936
33623952
33623968
33623984
33624000
33624016
33624032
33624048
33624064
33624080
33624096
33624112
33624128
33624144
33624160
33624176
33624192
33624208
33624224
33624240
33624256
33624272
33624288
33624304
33624320
33624336
33624352
33624368
33624384
33624400
33624416
33624432
33624448
33624464
33624480
33624496
33624512
33624528
33624544
33624560
33624576
33624592
33624608
33624624
33624640
33624656
33624672
33624688
33624704
33624720
33624736
33624752
33624768
33624784
33624800
33624816
33624832
33624848
33624864
33624880
33624896
33624912
33624928
33624944
33624960
33624976
33624992
33625008
33625024
33625040
33625056
33625072
33625088
33625104
33625120
33625136
33625152
33625168
33625184
33625200
33625216
33625232
33625248
33625264
33625280
33625296
33625312
33625328
33625344
33625360
33625376
33625392
33625408
33625424
33625440
33625456
33625472
33625488
33625504
33625520
33625536
33625552
33625568
33625584
33625600
33625616
33625632
33625648
33625664
33625680
33625696
33625712
33625728
33625744
33625760
33625776
33625792
33625808
33625824
33625840
33625856
33625872
33625888
33625904
33625920
33625936
33625952
33625968
33625984
33626000
33626016
33626032
33626048
33626064
33626080
33626096
33626112
33626128
33626144
33626160
33626176
33626192
33626208
33626224
33626240
33626256
33626272
33626288
33626304
33626320
33626336
33626352
33626368
33626384
33626400
33626416
33626432
33626448
33626464
33626480
33626496
33626512
33626528
33626544
33626560
33626576
33626592
33626608
33626624
33626640
33626656
33626672
33626688
33626704
33626720
33626736
33626752
33626768
33626784
33626800
33626816
33626832
33626848
33626864
33626880
33626896
33626912
33626928
33626944
33626960
33626976
33626992
33627008
33627024
33627040
33627056
33627072
33627088
33627104
33627120
33627136
33627152
33627168
33627184
33627200
33627216
34673154
34673170
34673186
34673202
34673218
34673234
34673250
34673266
34673282
34673298
34673314
34673330
34673346
34673362
34673378
34673394
34673410
34673426
34673442
34673458
34673474
34673490
34673506
34673522
34673538
34673554
34673570
34673586
34673602
34673618
34673634
34673650
34673155
34673171
34673187
34673203
34673219
34673235
34673251
34673267
34673283
34673299
34673315
34673331
34673347
34673363
34673379
34673395
34673411
34673427
34673443
34673459
34673475
34673491
34673507
34673523
34673539
34673555
34673571
34673587
34673603
34673619
34673635
34673651
33685520
33685536
33685552
33685568
33685584
33685600
33685616
33685632
33685648
33685664
33685680
33685696
33685712
33685728
33685744
33685760
33751056
33751072
33751088
33751104
33751120
33751136
33751152
33751168
33816592
33816608
33554432
33554434
33554435
35032321
35032337
35032353
35032369
35032385
35032401
35032417
35032433
35032449
35032465
35032322
35032338
35032354
35032370
35032386
35032402
35032418
35032434
35032450
35032466
35032833
35032849
35032865
35032881
35032897
35032913
35032929
35032945
35032961
35032977
35032834
35032850
35032866
35032882
35032898
35032914
35032930
35032946
35032962
35032978
35033345
35033361
35033377
35033393
35033346
35033362
35033378
35033394
35033601
35033617
35033633
35033649
35033602
35033618
35033634
35033650
35033857
35033858
35033873
35033874
35033889
35033890
35033905
35033906
35033921
35033937
35033953
35033969
35033985
35034001
35034017
35034033
35034049
35034065
35033922
35033938
35033954
35033970
35033986
35034002
35034018
35034034
35034050
35034066
35034433
35034449
35034465
35034481
35034497
35034513
35034529
35034545
35034561
35034577
35034434
35034450
35034466
35034482
35034498
35034514
35034530
35034546
35034562
35034578
35034945
35034961
35034977
35034993
35035009
35035025
35035041
35035057
35035073
35035089
35034946
35034962
35034978
35034994
35035010
35035026
35035042
35035058
35035074
35035090
35035457
35035473
35035489
35035505
35035521
35035537
35035553
35035569
35035585
35035601
35035458
35035474
35035490
35035506
35035522
35035538
35035554
35035570
35035586
35035602
35035969
35035985
35036001
35036017
35036033
35036049
35036065
35036081
35036097
35036113
35035970
35035986
35036002
35036018
35036034
35036050
35036066
35036082
35036098
35036114
35036481
35036497
35036513
35036529
35036545
35036561
35036577
35036593
35036609
35036625
35036482
35036498
35036514
35036530
35036546
35036562
35036578
35036594
35036610
35036626
35036993
35037009
35037025
35037041
35037057
35037073
35037089
35037105
35037121
35037137
35036994
35037010
35037026
35037042
35037058
35037074
35037090
35037106
35037122
35037138
35037505
35037521
35037537
35037553
35037569
35037585
35037601
35037617
35037633
35037649
35037506
35037522
35037538
35037554
35037570
35037586
35037602
35037618
35037634
35037650
35038017
35038018
35038033
35038034
35038049
35038050
35038065
35038066
35038081
35038082
35038097
35038098
35038113
35038114
35038129
35038130
35038145
35038146
35038161
35038162
35021009
35021010
35021013
35021014
35021017
35021018
35021021
35021022
35021025
35021026
35021029
35021030
35021033
35021034
35021035
35021036
35021037
35021038
35027248
35027264
35027282
35027283
35027298
35027299
35027314
35027315
35027330
35027331
35027346
35027347
35027362
35027363
35027378
35027379
35027394
35027395
35027410
35027411
35027426
35027427
35027442
35027443
35029042
35029058
35029074
35029090
35029106
35029122
35029043
35029059
35029075
35029091
35029107
35029123
35029138
35029154
35029170
35029186
35029202
35029218
35029139
35029155
35029171
35029187
35029203
35029219
35029234
35029235
35029250
35029266
35029282
35029298
35029314
35029330
35029251
35029267
35029283
35029299
35029315
35029331
35029346
35029347
35029362
35029363
35029394
35029395
35029410
35029411
35029426
35029442
35029458
35029474
35029490
35029506
35029427
35029443
35029459
35029475
35029491
35029507
33882160
33882144
33882384
33882400
33882417
33882418
33882419
33882432
33882448
33882464
33882529
33882530
33882531
33882532
33882534
33882535
33882545
33882546
33882547
33882548
33882550
33882551
33882593
33882594
33882609
33882610
33882624
33882640
33906704
33906720
33906736
33882770
33882771
33882786
33882787
33882802
33882803
33882818
33882819
33882834
33882835
33882850
33882851
33882866
33882867
33882882
33882883
33882898
33882899
33882914
33882915
33882930
33882931
33883138
33883154
33883170
33883186
33883202
33883218
33883234
33883250
33883266
33883282
33883298
33883314
33883330
33883346
33883362
33883378
33883394
33883410
33883426
33883442
33883458
33883474
33883490
33883506
33883522
33883538
33883554
33883570
33883586
33883602
33883618
33883634
33883650
33883666
33883682
33883698
33883714
33883730
33883746
33883762
33883778
33883794
33883810
33883826
33883842
33883858
33883874
33883890
33883906
33883922
33883938
33883954
33883970
33883986
33884002
33884018
33884034
33884050
33884066
33884082
33884098
33884114
33884130
33884146
33883139
33883155
33883171
33883187
33883203
33883219
33883235
33883251
33883267
33883283
33883299
33883315
33883331
33883347
33883363
33883379
33883395
33883411
33883427
33883443
33883459
33883475
33883491
33883507
33883523
33883539
33883555
33883571
33883587
33883603
33883619
33883635
33883651
33883667
33883683
33883699
33883715
33883731
33883747
33883763
33883779
33883795
33883811
33883827
33883843
33883859
33883875
33883891
33883907
33883923
33883939
33883955
33883971
33883987
33884003
33884019
33884035
33884051
33884067
33884083
33884099
33884115
33884131
33884147
33884162
33884178
33884194
33884210
33884226
33884242
33884258
33884274
33884290
33884306
33884322
33884338
33884354
33884370
33884386
33884402
33884418
33884434
33884450
33884466
33884482
33884498
33884514
33884530
33884546
33884562
33884578
33884594
33884610
33884626
33884642
33884658
33884674
33884690
33884706
33884722
33884738
33884754
33884770
33884786
33884802
33884818
33884834
33884850
33884866
33884882
33884898
33884914
33884930
33884946
33884962
33884978
33884994
33885010
33885026
33885042
33885058
33885074
33885090
33885106
33885122
33885138
33885154
33885170
33884163
33884179
33884195
33884211
33884227
33884243
33884259
33884275
33884291
33884307
33884323
33884339
33884355
33884371
33884387
33884403
33884419
33884435
33884451
33884467
33884483
33884499
33884515
33884531
33884547
33884563
33884579
33884595
33884611
33884627
33884643
33884659
33884675
33884691
33884707
33884723
33884739
33884755
33884771
33884787
33884803
33884819
33884835
33884851
33884867
33884883
33884899
33884915
33884931
33884947
33884963
33884979
33884995
33885011
33885027
33885043
33885059
33885075
33885091
33885107
33885123
33885139
33885155
33885171
33885186
33885202
33885218
33885234
33885250
33885266
33885282
33885298
33885314
33885330
33885346
33885362
33885378
33885394
33885410
33885426
33885442
33885458
33885474
33885490
33885506
33885522
33885538
33885554
33885570
33885586
33885602
33885618
33885634
33885650
33885666
33885682
33885698
33885714
33885730
33885746
33885762
33885778
33885794
33885810
33885826
33885842
33885858
33885874
33885890
33885906
33885922
33885938
33885954
33885970
33885986
33886002
33886018
33886034
33886050
33886066
33886082
33886098
33886114
33886130
33886146
33886162
33886178
33886194
33886210
33886226
33886242
33886258
33886274
33886290
33886306
33886322
33886338
33886354
33886370
33886386
33886402
33886418
33886434
33886450
33886466
33886482
33886498
33886514
33886530
33886546
33886562
33886578
33886594
33886610
33886626
33886642
33886658
33886674
33886690
33886706
33885187
33885203
33885219
33885235
33885251
33885267
33885283
33885299
33885315
33885331
33885347
33885363
33885379
33885395
33885411
33885427
33885443
33885459
33885475
33885491
33885507
33885523
33885539
33885555
33885571
33885587
33885603
33885619
33885635
33885651
33885667
33885683
33885699
33885715
33885731
33885747
33885763
33885779
33885795
33885811
33885827
33885843
33885859
33885875
33885891
33885907
33885923
33885939
33885955
33885971
33885987
33886003
33886019
33886035
33886051
33886067
33886083
33886099
33886115
33886131
33886147
33886163
33886179
33886195
33886211
33886227
33886243
33886259
33886275
33886291
33886307
33886323
33886339
33886355
33886371
33886387
33886403
33886419
33886435
33886451
33886467
33886483
33886499
33886515
33886531
33886547
33886563
33886579
33886595
33886611
33886627
33886643
33886659
33886675
33886691
33886707
33886722
33886738
33886754
33886770
33886786
33886802
33886818
33886834
33886850
33886866
33886882
33886898
33886914
33886930
33886946
33886962
33886978
33886994
33887010
33887026
33887042
33887058
33887074
33887090
33887106
33887122
33887138
33887154
33887170
33887186
33887202
33887218
33887234
33887250
33887266
33887282
33887298
33887314
33887330
33887346
33887362
33887378
33887394
33887410
33887426
33887442
33887458
33887474
33887490
33887506
33887522
33887538
33887554
33887570
33887586
33887602
33887618
33887634
33887650
33887666
33887682
33887698
33887714
33887730
33887746
33887762
33887778
33887794
33887810
33887826
33887842
33887858
33887874
33887890
33887906
33887922
33887938
33887954
33887970
33887986
33888002
33888018
33888034
33888050
33888066
33888082
33888098
33888114
33888130
33888146
33888162
33888178
33888194
33888210
33888226
33888242
33886723
33886739
33886755
33886771
33886787
33886803
33886819
33886835
33886851
33886867
33886883
33886899
33886915
33886931
33886947
33886963
33886979
33886995
33887011
33887027
33887043
33887059
33887075
33887091
33887107
33887123
33887139
33887155
33887171
33887187
33887203
33887219
33887235
33887251
33887267
33887283
33887299
33887315
33887331
33887347
33887363
33887379
33887395
33887411
33887427
33887443
33887459
33887475
33887491
33887507
33887523
33887539
33887555
33887571
33887587
33887603
33887619
33887635
33887651
33887667
33887683
33887699
33887715
33887731
33887747
33887763
33887779
33887795
33887811
33887827
33887843
33887859
33887875
33887891
33887907
33887923
33887939
33887955
33887971
33887987
33888003
33888019
33888035
33888051
33888067
33888083
33888099
33888115
33888131
33888147
33888163
33888179
33888195
33888211
33888227
33888243
33888258
33888274
33888290
33888306
33888322
33888338
33888354
33888370
33888386
33888402
33888418
33888434
33888450
33888466
33888482
33888498
33888514
33888530
33888546
33888562
33888578
33888594
33888610
33888626
33888642
33888658
33888674
33888690
33888706
33888722
33888738
33888754
33888259
33888275
33888291
33888307
33888323
33888339
33888355
33888371
33888387
33888403
33888419
33888435
33888451
33888467
33888483
33888499
33888515
33888531
33888547
33888563
33888579
33888595
33888611
33888627
33888643
33888659
33888675
33888691
33888707
33888723
33888739
33888755
33888770
33888786
33888802
33888818
33888834
33888850
33888866
33888882
33888898
33888914
33888930
33888946
33888962
33888978
33888994
33889010
33889026
33889042
33889058
33889074
33889090
33889106
33889122
33889138
33889154
33889170
33889186
33889202
33889218
33889234
33889250
33889266
33888771
33888787
33888803
33888819
33888835
33888851
33888867
33888883
33888899
33888915
33888931
33888947
33888963
33888979
33888995
33889011
33889027
33889043
33889059
33889075
33889091
33889107
33889123
33889139
33889155
33889171
33889187
33889203
33889219
33889235
33889251
33889267
33889282
33889298
33889314
33889330
33889346
33889362
33889378
33889394
33889410
33889426
33889442
33889458
33889474
33889490
33889506
33889522
33889538
33889554
33889570
33889586
33889602
33889618
33889634
33889650
33889666
33889682
33889698
33889714
33889730
33889746
33889762
33889778
33889794
33889810
33889826
33889842
33889858
33889874
33889890
33889906
33889922
33889938
33889954
33889970
33889986
33890002
33890018
33890034
33890050
33890066
33890082
33890098
33890114
33890130
33890146
33890162
33890178
33890194
33890210
33890226
33890242
33890258
33890274
33890290
33889283
33889299
33889315
33889331
33889347
33889363
33889379
33889395
33889411
33889427
33889443
33889459
33889475
33889491
33889507
33889523
33889539
33889555
33889571
33889587
33889603
33889619
33889635
33889651
33889667
33889683
33889699
33889715
33889731
33889747
33889763
33889779
33889795
33889811
33889827
33889843
33889859
33889875
33889891
33889907
33889923
33889939
33889955
33889971
33889987
33890003
33890019
33890035
33890051
33890067
33890083
33890099
33890115
33890131
33890147
33890163
33890179
33890195
33890211
33890227
33890243
33890259
33890275
33890291
33896322
33896338
33896354
33896370
33896386
33896402
33896418
33896434
33896323
33896339
33896355
33896371
33896387
33896403
33896419
33896435
33890306
33890322
33890338
33890354
33890370
33890386
33890402
33890418
33890434
33890450
33890466
33890482
33890498
33890514
33890530
33890546
33890562
33890578
33890594
33890610
33890626
33890642
33890658
33890674
33890690
33890706
33890722
33890738
33890754
33890770
33890786
33890802
33890307
33890323
33890339
33890355
33890371
33890387
33890403
33890419
33890435
33890451
33890467
33890483
33890499
33890515
33890531
33890547
33890563
33890579
33890595
33890611
33890627
33890643
33890659
33890675
33890691
33890707
33890723
33890739
33890755
33890771
33890787
33890803
35024898
35024899
35024914
35024915
35024930
35024931
35024946
35024947
35024962
35024963
35024978
35024979
35024994
35024995
35025010
35025011
33891297
33891298
33891299
33891313
33891314
33891315
34155520
34155536
34155552
34155568
34155584
34155600
34155616
34155632
34155648
34155664
34155680
34155696
34155712
34155728
34155744
34155760
34155776
34155792
34155808
34155824
34155840
34155856
34155872
34155888
34155904
34155920
34155936
34155952
34155968
34155984
34156000
34156016
34156032
34156048
34156064
34156080
34156096
34156112
34156128
34156144
34156160
34156176
34156192
34156208
34156224
34156240
34156256
34156272
34156288
34156304
34156320
34156336
34156352
34156368
34156384
34156400
34156416
34156432
34156448
34156464
34156480
34156496
34156512
34156528
34156544
34156560
34156576
34156592
34156608
34156624
34156640
34156656
34156672
34156688
34156704
34156720
34156736
34156752
34156768
34156784
34156800
34156816
34156832
34156848
34156864
34156880
34156896
34156912
34156928
34156944
34156960
34156976
34156992
34157008
34157024
34157040
34157056
34157072
34157088
34157104
34157120
34157136
34157152
34157168
34157184
34157200
34157216
34157232
34157248
34157264
34157280
34157296
34157312
34157328
34157344
34157360
34157376
34157392
34157408
34157424
34157440
34157456
34157472
34157488
34157504
34157520
34157536
34157552
34157568
34157584
34157600
34157616
34157632
34157648
34157664
34157680
34157696
34157712
34157728
34157744
34157760
34157776
34157792
34157808
34157824
34157840
34157856
34157872
34157888
34157904
34157920
34157936
34157952
34157968
34157984
34158000
34158016
34158032
34158048
34158064
34158080
34158096
34158112
34158128
34158144
34158160
34158176
34158192
34158208
34158224
34158240
34158256
34158272
34158288
34158304
34158320
34158336
34158352
34158368
34158384
34158400
34158416
34158432
34158448
34158464
34158480
34158496
34158512
34158528
34158544
34158560
34158576
34158592
34158608
34158624
34158640
34158656
34158672
34158688
34158704
34158720
34158736
34158752
34158768
34158784
34158800
34158816
34158832
34158848
34158864
34158880
34158896
34158912
34158928
34158944
34158960
34158976
34158992
34159008
34159024
34159040
34159056
34159072
34159088
34159104
34159120
34159136
34159152
34159168
34159184
34159200
34159216
34159232
34159248
34159264
34159280
34159296
34159312
34159328
34159344
34159360
34159376
34159392
34159408
34159424
34159440
34159456
34159472
34159488
34159504
34159520
34159536
34159552
34159568
34159584
34159600
34159616
34159632
34159648
34159664
34159680
34159696
34159712
34159728
34159744
34159760
34159776
34159792
34159808
34159824
34159840
34159856
34159872
34159888
34159904
34159920
34159936
34159952
34159968
34159984
34160000
34160016
34160032
34160048
34160064
34160080
34160096
34160112
34160128
34160144
34160160
34160176
34160192
34160208
34160224
34160240
34160256
34160272
34160288
34160304
34160320
34160336
34160352
34160368
34160384
34160400
34160416
34160432
34160448
34160464
34160480
34160496
34160512
34160528
34160544
34160560
34160576
34160592
34160608
34160624
34160640
34160656
34160672
34160688
34160704
34160720
34160736
34160752
34160768
34160784
34160800
34160816
34160832
34160848
34160864
34160880
34160896
34160912
34160928
34160944
34160960
34160976
34160992
34161008
34161024
34161040
34161056
34161072
34161088
34161104
34161120
34161136
34161152
34161168
34161184
34161200
34161216
34161232
34161248
34161264
34161280
34161296
34161312
34161328
34161344
34161360
34161376
34161392
34161408
34161424
34161440
34161456
34161472
34161488
34161504
34161520
34161536
34161552
34161568
34161584
34161600
34161616
34161632
34161648
34161664
34161680
34161696
34161712
34161728
34161744
34161760
34161776
34161792
34161808
34161824
34161840
34161856
34161872
34161888
34161904
34161920
34161936
34161952
34161968
34161984
34162000
34162016
34162032
34162048
34162064
34162080
34162096
34162112
34162128
34162144
34162160
34162176
34162192
34162208
34162224
34162240
34162256
34162272
34162288
34162304
34162320
34162336
34162352
34162368
34162384
34162400
34162416
34162432
34162448
34162464
34162480
34162496
34162512
34162528
34162544
34162560
34162576
34162592
34162608
34162624
34162640
34162656
34162672
33890817
33890818
33890819
33890833
33890834
33890850
33890851
33890881
33890882
33890896
33890912
33890928
33890944
33890960
33890977
33890978
33890979
33890993
33890994
33890995
33891009
33891010
33891011
33891025
33891026
33891027
33891041
33891042
33891043
33891057
33891058
33891059
33891073
33891074
33891075
33891089
33891090
33891091
33891105
33891106
33891107
33891120
33891136
33891154
33891155
33891169
33891170
33891185
33891186
33891187
33891202
33891203
33891216
33891232
33891330
33891346
33891362
33891378
33891394
33891410
33891426
33891442
33891458
33891474
33891490
33891506
33891522
33891538
33891554
33891570
33891586
33891602
33891618
33891634
33891331
33891347
33891363
33891379
33891395
33891411
33891427
33891443
33891459
33891475
33891491
33891507
33891523
33891539
33891555
33891571
33891587
33891603
33891619
33891635
33891650
33891666
33891682
33891698
33891714
33891730
33891746
33891762
33891778
33891794
33891810
33891826
33891842
33891858
33891874
33891890
33891906
33891922
33891938
33891954
33891651
33891667
33891683
33891699
33891715
33891731
33891747
33891763
33891779
33891795
33891811
33891827
33891843
33891859
33891875
33891891
33891907
33891923
33891939
33891955
33891970
33891986
33892002
33892018
33892034
33892050
33892066
33892082
33892098
33892114
33892130
33892146
33892162
33892178
33892194
33892210
33892226
33892242
33892258
33892274
33891971
33891987
33892003
33892019
33892035
33892051
33892067
33892083
33892099
33892115
33892131
33892147
33892163
33892179
33892195
33892211
33892227
33892243
33892259
33892275
33892290
33892306
33892322
33892338
33892354
33892370
33892386
33892402
33892418
33892434
33892450
33892466
33892482
33892498
33892514
33892530
33892546
33892562
33892578
33892594
33892291
33892307
33892323
33892339
33892355
33892371
33892387
33892403
33892419
33892435
33892451
33892467
33892483
33892499
33892515
33892531
33892547
33892563
33892579
33892595
33892610
33892626
33892642
33892658
33892674
33892690
33892706
33892722
33892738
33892754
33892770
33892786
33892802
33892818
33892834
33892850
33892866
33892882
33892898
33892914
33892930
33892946
33892962
33892978
33892994
33893010
33893026
33893042
33893058
33893074
33893090
33893106
33893122
33893138
33893154
33893170
33893186
33893202
33893218
33893234
33893250
33893266
33893282
33893298
33893314
33893330
33893346
33893362
33893378
33893394
33893410
33893426
33893442
33893458
33893474
33893490
33893506
33893522
33893538
33893554
33893570
33893586
33893602
33893618
33892611
33892627
33892643
33892659
33892675
33892691
33892707
33892723
33892739
33892755
33892771
33892787
33892803
33892819
33892835
33892851
33892867
33892883
33892899
33892915
33892931
33892947
33892963
33892979
33892995
33893011
33893027
33893043
33893059
33893075
33893091
33893107
33893123
33893139
33893155
33893171
33893187
33893203
33893219
33893235
33893251
33893267
33893283
33893299
33893315
33893331
33893347
33893363
33893379
33893395
33893411
33893427
33893443
33893459
33893475
33893491
33893507
33893523
33893539
33893555
33893571
33893587
33893603
33893619
33893634
33893650
33893666
33893682
33893698
33893714
33893730
33893746
33893762
33893778
33893794
33893810
33893826
33893842
33893858
33893874
33893890
33893906
33893922
33893938
33893954
33893970
33893986
33894002
33894018
33894034
33894050
33894066
33894082
33894098
33894114
33894130
33894146
33894162
33894178
33894194
33894210
33894226
33894242
33894258
33894274
33894290
33894306
33894322
33894338
33894354
33894370
33894386
33894402
33894418
33894434
33894450
33894466
33894482
33894498
33894514
33894530
33894546
33894562
33894578
33894594
33894610
33894626
33894642
33894658
33894674
33894690
33894706
33894722
33894738
33894754
33894770
33894786
33894802
33894818
33894834
33894850
33894866
33894882
33894898
33894914
33894930
33894946
33894962
33894978
33894994
33895010
33895026
33895042
33895058
33895074
33895090
33895106
33895122
33895138
33895154
33893635
33893651
33893667
33893683
33893699
33893715
33893731
33893747
33893763
33893779
33893795
33893811
33893827
33893843
33893859
33893875
33893891
33893907
33893923
33893939
33893955
33893971
33893987
33894003
33894019
33894035
33894051
33894067
33894083
33894099
33894115
33894131
33894147
33894163
33894179
33894195
33894211
33894227
33894243
33894259
33894275
33894291
33894307
33894323
33894339
33894355
33894371
33894387
33894403
33894419
33894435
33894451
33894467
33894483
33894499
33894515
33894531
33894547
33894563
33894579
33894595
33894611
33894627
33894643
33894659
33894675
33894691
33894707
33894723
33894739
33894755
33894771
33894787
33894803
33894819
33894835
33894851
33894867
33894883
33894899
33894915
33894931
33894947
33894963
33894979
33894995
33895011
33895027
33895043
33895059
33895075
33895091
33895107
33895123
33895139
33895155
34977792
34977793
34977794
34977795
34977796
34977797
34977798
34977799
34977800
34977801
34977802
34977803
34977804
34977805
34977806
34977807
34977808
34977809
34977810
34977811
34977812
34977813
34977814
34977815
34977816
34977817
34977818
34977819
34977820
34977821
34977822
34977823
34977824
34977825
34977826
34977827
34977828
34977829
34977830
34977831
34977832
34977833
34977834
34977835
34977836
34977837
34977838
34977839
34977840
34977841
34977842
34977843
34977844
34977845
34977846
34977847
34977848
34977849
34977850
34977851
34977852
34977853
34977854
34977855
34977856
34977857
34977858
34977859
34977860
34977861
34977862
34977863
34977864
34977865
34977866
34977867
34977868
34977869
34977870
34977871
34977872
34977873
34977874
34977875
34977876
34977877
34977878
34977879
34977880
34977881
34977882
34977883
34977884
34977885
34977886
34977887
34977888
34977889
34977890
34977891
34977892
34977893
34977894
34977895
34977896
34977897
34977898
34977899
34977900
34977901
34977902
34977903
34977904
34977905
34977906
34977907
34977908
34977909
34977910
34977911
34977912
34977913
34977914
34977915
34977916
34977917
34977918
34977919
34977920
34977921
34977922
34977923
34977924
34977925
34977926
34977927
34977928
34977929
34977930
34977931
34977932
34977933
34977934
34977935
34977936
34977937
34977938
34977939
34977940
34977941
34977942
34977943
34977944
34977945
34977946
34977947
34977948
34977949
34977950
34977951
34977952
34977953
34977954
34977955
34977956
34977957
34977958
34977959
34977960
34977961
34977962
34977963
34977964
34977965
34977966
34977967
34977968
34977969
34977970
34977971
34977972
34977973
34977974
34977975
34977976
34977977
34977978
34977979
34977980
34977981
34977982
34977983
34978048
34978064
34978080
34978096
34978112
34978128
34978144
34978160
34978176
34978192
34978208
34978224
34978240
34978256
34978272
34978288
34978304
34978320
34978336
34978352
34978368
34978384
34978400
34978416
34978432
34978448
34978464
34978480
34978496
34978512
34978528
34978544
34978560
34978576
34978592
34978608
34978624
34978640
34978656
34978672
34978688
34978704
34978720
34978736
34978752
34978768
34978784
34978800
33895266
33895267
33895282
33895283
33895425
33895441
33895457
33895473
33895489
33895505
33895521
33895537
33895553
33895569
33895585
33895601
33895617
33895633
33895649
33895665
33895681
33895697
33895713
33895729
33895426
33895442
33895458
33895474
33895490
33895506
33895522
33895538
33895554
33895570
33895586
33895602
33895618
33895634
33895650
33895666
33895682
33895698
33895714
33895730
33895745
33895761
33895777
33895793
33895809
33895825
33895841
33895857
33895873
33895889
33895905
33895921
33895937
33895953
33895969
33895985
33896001
33896017
33896033
33896049
33895746
33895762
33895778
33895794
33895810
33895826
33895842
33895858
33895874
33895890
33895906
33895922
33895938
33895954
33895970
33895986
33896002
33896018
33896034
33896050
33896064
33896080
33896096
33896112
33896128
33896144
33896160
33896176
33896192
33896208
33896224
33896240
33896256
33896272
33896288
33896304
33896320
33896336
33896352
33896368
33896384
33896400
33896416
33896432
33896448
33896464
33896480
33896496
33896512
33896528
33896544
33896560
33896576
33896592
33896608
33896624
33896640
33896656
33896672
33896688
33896706
33896707
33896722
33896723
33900721
33900722
33900723
33900737
33900738
33900739
33900753
33900754
33900755
33900769
33900770
33900771
33882976
33896738
33896754
33896770
33896786
33896802
33896818
33896834
33896850
33896866
33896882
33896898
33896914
33896930
33896946
33896962
33896978
33896994
33897010
33897026
33897042
33897058
33897074
33897090
33897106
33897122
33897138
33897154
33897170
33897186
33897202
33897218
33897234
33897250
33897266
33897282
33897298
33897314
33897330
33897346
33897362
33897378
33897394
33897410
33897426
33897442
33897458
33897474
33897490
33897506
33897522
33897538
33897554
33897570
33897586
33897602
33897618
33897634
33897650
33897666
33897682
33897698
33897714
33897730
33897746
33897762
33897778
33897794
33897810
33897826
33897842
33897858
33897874
33897890
33897906
33897922
33897938
33897954
33897970
33897986
33898002
33898018
33898034
33898050
33898066
33898082
33898098
33898114
33898130
33898146
33898162
33898178
33898194
33898210
33898226
33898242
33898258
33898274
33898290
33898306
33898322
33898338
33898354
33898370
33898386
33898402
33898418
33898434
33898450
33898466
33898482
33898498
33898514
33898530
33898546
33898562
33898578
33898594
33898610
33898626
33898642
33898658
33898674
33898690
33898706
33898722
33898738
33898754
33898770
33898786
33898802
33898818
33898834
33898850
33898866
33898882
33898898
33898914
33898930
33898946
33898962
33898978
33898994
33899010
33899026
33899042
33899058
33899074
33899090
33899106
33899122
33899138
33899154
33899170
33899186
33899202
33899218
33899234
33899250
33899266
33899282
33899298
33899314
33899330
33899346
33899362
33899378
33899394
33899410
33899426
33899442
33899458
33899474
33899490
33899506
33899522
33899538
33899554
33899570
33899586
33899602
33899618
33899634
33899650
33899666
33899682
33899698
33899714
33899730
33899746
33899762
33899778
33899794
33899810
33899826
33899842
33899858
33899874
33899890
33899906
33899922
33899938
33899954
33899970
33899986
33900002
33900018
33900034
33900050
33900066
33900082
33900098
33900114
33900130
33900146
33900162
33900178
33900194
33900210
33900226
33900242
33900258
33900274
33900290
33900306
33900322
33900338
33900354
33900370
33900386
33900402
33900418
33900434
33900450
33900466
33900482
33900498
33900514
33900530
33900546
33900562
33896739
33896755
33896771
33896787
33896803
33896819
33896835
33896851
33896867
33896883
33896899
33896915
33896931
33896947
33896963
33896979
33896995
33897011
33897027
33897043
33897059
33897075
33897091
33897107
33897123
33897139
33897155
33897171
33897187
33897203
33897219
33897235
33897251
33897267
33897283
33897299
33897315
33897331
33897347
33897363
33897379
33897395
33897411
33897427
33897443
33897459
33897475
33897491
33897507
33897523
33897539
33897555
33897571
33897587
33897603
33897619
33897635
33897651
33897667
33897683
33897699
33897715
33897731
33897747
33897763
33897779
33897795
33897811
33897827
33897843
33897859
33897875
33897891
33897907
33897923
33897939
33897955
33897971
33897987
33898003
33898019
33898035
33898051
33898067
33898083
33898099
33898115
33898131
33898147
33898163
33898179
33898195
33898211
33898227
33898243
33898259
33898275
33898291
33898307
33898323
33898339
33898355
33898371
33898387
33898403
33898419
33898435
33898451
33898467
33898483
33898499
33898515
33898531
33898547
33898563
33898579
33898595
33898611
33898627
33898643
33898659
33898675
33898691
33898707
33898723
33898739
33898755
33898771
33898787
33898803
33898819
33898835
33898851
33898867
33898883
33898899
33898915
33898931
33898947
33898963
33898979
33898995
33899011
33899027
33899043
33899059
33899075
33899091
33899107
33899123
33899139
33899155
33899171
33899187
33899203
33899219
33899235
33899251
33899267
33899283
33899299
33899315
33899331
33899347
33899363
33899379
33899395
33899411
33899427
33899443
33899459
33899475
33899491
33899507
33899523
33899539
33899555
33899571
33899587
33899603
33899619
33899635
33899651
33899667
33899683
33899699
33899715
33899731
33899747
33899763
33899779
33899795
33899811
33899827
33899843
33899859
33899875
33899891
33899907
33899923
33899939
33899955
33899971
33899987
33900003
33900019
33900035
33900051
33900067
33900083
33900099
33900115
33900131
33900147
33900163
33900179
33900195
33900211
33900227
33900243
33900259
33900275
33900291
33900307
33900323
33900339
33900355
33900371
33900387
33900403
33900419
33900435
33900451
33900467
33900483
33900499
33900515
33900531
33900547
33900563
33900594
33900610
33900626
33900642
33900658
33900674
33900595
33900611
33900627
33900643
33900659
33900675
33900690
33900691
33900706
33900707
33900801
33900802
33900817
33900818
33900833
33900834
33900849
33900850
33900864
33900882
33900883
33900898
33900899
33900913
33900914
33900929
33900930
33900944
33900960
33947665
33947666
33947667
33947681
33947682
33947683
33947697
33947698
33947699
33947713
33947714
33947715
33947729
33947730
33947731
33947745
33947746
33947747
33947761
33947762
33947763
33947777
33947778
33947779
33947792
33947808
33947824
33947840
33947856
33947872
33947889
33947890
33947905
33947906
34013200
34013216
34078736
34078752
34078768
34078784
34144273
34144289
34144305
34144321
34144337
34144353
34144369
34144385
34144401
34144417
34144433
34144449
34144465
34144481
34144497
34144513
34144529
34144545
34144561
34144577
34144593
34144609
34144625
34144641
34144657
34144673
34144689
34144705
34144274
34144290
34144306
34144322
34144338
34144354
34144370
34144386
34144402
34144418
34144434
34144450
34144466
34144482
34144498
34144514
34144530
34144546
34144562
34144578
34144594
34144610
34144626
34144642
34144658
34144674
34144690
34144706
34144275
34144291
34144307
34144323
34144339
34144355
34144371
34144387
34144403
34144419
34144435
34144451
34144467
34144483
34144499
34144515
34144531
34144547
34144563
34144579
34144595
34144611
34144627
34144643
34144659
34144675
34144691
34144707
34144721
34144722
34144737
34144738
34144801
34144802
34144930
34144931
34144946
34144947
34144961
34144962
34145088
34145297
34145313
34145329
34145345
34145361
34145377
34145393
34145409
34145425
34145441
34145457
34145473
34145489
34145505
34145521
34145537
34145553
34145569
34145585
34145601
34145617
34145633
34145649
34145665
34145681
34145697
34145713
34145729
34145298
34145314
34145330
34145346
34145362
34145378
34145394
34145410
34145426
34145442
34145458
34145474
34145490
34145506
34145522
34145538
34145554
34145570
34145586
34145602
34145618
34145634
34145650
34145666
34145682
34145698
34145714
34145730
34145299
34145315
34145331
34145347
34145363
34145379
34145395
34145411
34145427
34145443
34145459
34145475
34145491
34145507
34145523
34145539
34145555
34145571
34145587
34145603
34145619
34145635
34145651
34145667
34145683
34145699
34145715
34145731
34145745
34145746
34145761
34145762
34145825
34145826
34145954
34145955
34145970
34145971
34145985
34145986
34146112
34146321
34146337
34146353
34146369
34146385
34146401
34146417
34146433
34146449
34146465
34146481
34146497
34146513
34146529
34146545
34146561
34146577
34146593
34146609
34146625
34146641
34146657
34146673
34146689
34146705
34146721
34146737
34146753
34146322
34146338
34146354
34146370
34146386
34146402
34146418
34146434
34146450
34146466
34146482
34146498
34146514
34146530
34146546
34146562
34146578
34146594
34146610
34146626
34146642
34146658
34146674
34146690
34146706
34146722
34146738
34146754
34146323
34146339
34146355
34146371
34146387
34146403
34146419
34146435
34146451
34146467
34146483
34146499
34146515
34146531
34146547
34146563
34146579
34146595
34146611
34146627
34146643
34146659
34146675
34146691
34146707
34146723
34146739
34146755
34146769
34146770
34146785
34146786
34146849
34146850
34146978
34146979
34146994
34146995
34147009
34147010
34147136
34147345
34147361
34147377
34147393
34147409
34147425
34147441
34147457
34147473
34147489
34147505
34147521
34147537
34147553
34147569
34147585
34147601
34147617
34147633
34147649
34147665
34147681
34147697
34147713
34147729
34147745
34147761
34147777
34147346
34147362
34147378
34147394
34147410
34147426
34147442
34147458
34147474
34147490
34147506
34147522
34147538
34147554
34147570
34147586
34147602
34147618
34147634
34147650
34147666
34147682
34147698
34147714
34147730
34147746
34147762
34147778
34147347
34147363
34147379
34147395
34147411
34147427
34147443
34147459
34147475
34147491
34147507
34147523
34147539
34147555
34147571
34147587
34147603
34147619
34147635
34147651
34147667
34147683
34147699
34147715
34147731
34147747
34147763
34147779
34147793
34147794
34147809
34147810
34147873
34147874
34148002
34148003
34148018
34148019
34148033
34148034
34148160
34148354
34148370
34148386
34148402
34148418
34148434
34148450
34148466
34148482
34148498
34148514
34148530
34148546
34148562
34148578
34148594
34148610
34148626
34148642
34148658
34148674
34148690
34148706
34148722
34148738
34148754
34148770
34148786
34148802
34148818
34148834
34148850
34148355
34148371
34148387
34148403
34148419
34148435
34148451
34148467
34148483
34148499
34148515
34148531
34148547
34148563
34148579
34148595
34148611
34148627
34148643
34148659
34148675
34148691
34148707
34148723
34148739
34148755
34148771
34148787
34148803
34148819
34148835
34148851
34148866
34148882
34148898
34148914
34148930
34148946
34148962
34148978
34148994
34149010
34149026
34149042
34149058
34149074
34149090
34149106
34149122
34149138
34149154
34149170
34149186
34149202
34149218
34149234
34149250
34149266
34149282
34149298
34149314
34149330
34149346
34149362
34149378
34149394
34149410
34149426
34149442
34149458
34149474
34149490
34149506
34149522
34149538
34149554
34149570
34149586
34149602
34149618
34148867
34148883
34148899
34148915
34148931
34148947
34148963
34148979
34148995
34149011
34149027
34149043
34149059
34149075
34149091
34149107
34149123
34149139
34149155
34149171
34149187
34149203
34149219
34149235
34149251
34149267
34149283
34149299
34149315
34149331
34149347
34149363
34149379
34149395
34149411
34149427
34149443
34149459
34149475
34149491
34149507
34149523
34149539
34149555
34149571
34149587
34149603
34149619
34149634
34149650
34149666
34149682
34149698
34149714
34149730
34149746
34149762
34149778
34149794
34149810
34149826
34149842
34149858
34149874
34149890
34149906
34149922
34149938
34149954
34149970
34149986
34150002
34150018
34150034
34150050
34150066
34150082
34150098
34150114
34150130
34149635
34149651
34149667
34149683
34149699
34149715
34149731
34149747
34149763
34149779
34149795
34149811
34149827
34149843
34149859
34149875
34149891
34149907
34149923
34149939
34149955
34149971
34149987
34150003
34150019
34150035
34150051
34150067
34150083
34150099
34150115
34150131
34150146
34150162
34150178
34150194
34150210
34150226
34150242
34150258
34150274
34150290
34150306
34150322
34150338
34150354
34150370
34150386
34150402
34150418
34150434
34150450
34150466
34150482
34150498
34150514
34150530
34150546
34150562
34150578
34150594
34150610
34150626
34150642
34150147
34150163
34150179
34150195
34150211
34150227
34150243
34150259
34150275
34150291
34150307
34150323
34150339
34150355
34150371
34150387
34150403
34150419
34150435
34150451
34150467
34150483
34150499
34150515
34150531
34150547
34150563
34150579
34150595
34150611
34150627
34150643
34150658
34150674
34150690
34150706
34150722
34150738
34150754
34150770
34150786
34150802
34150818
34150834
34150850
34150866
34150882
34150898
34150914
34150930
34150946
34150962
34150978
34150994
34151010
34151026
34151042
34151058
34151074
34151090
34151106
34151122
34151138
34151154
34151170
34151186
34151202
34151218
34151234
34151250
34151266
34151282
34151298
34151314
34151330
34151346
34151362
34151378
34151394
34151410
34150659
34150675
34150691
34150707
34150723
34150739
34150755
34150771
34150787
34150803
34150819
34150835
34150851
34150867
34150883
34150899
34150915
34150931
34150947
34150963
34150979
34150995
34151011
34151027
34151043
34151059
34151075
34151091
34151107
34151123
34151139
34151155
34151171
34151187
34151203
34151219
34151235
34151251
34151267
34151283
34151299
34151315
34151331
34151347
34151363
34151379
34151395
34151411
34151426
34151442
34151458
34151474
34151490
34151506
34151522
34151538
34151554
34151570
34151586
34151602
34151618
34151634
34151650
34151666
34151682
34151698
34151714
34151730
34151746
34151762
34151778
34151794
34151810
34151826
34151842
34151858
34151874
34151890
34151906
34151922
34151938
34151954
34151970
34151986
34152002
34152018
34152034
34152050
34152066
34152082
34152098
34152114
34152130
34152146
34152162
34152178
34151427
34151443
34151459
34151475
34151491
34151507
34151523
34151539
34151555
34151571
34151587
34151603
34151619
34151635
34151651
34151667
34151683
34151699
34151715
34151731
34151747
34151763
34151779
34151795
34151811
34151827
34151843
34151859
34151875
34151891
34151907
34151923
34151939
34151955
34151971
34151987
34152003
34152019
34152035
34152051
34152067
34152083
34152099
34152115
34152131
34152147
34152163
34152179
34152194
34152210
34152226
34152242
34152258
34152274
34152290
34152306
34152322
34152338
34152354
34152370
34152386
34152402
34152418
34152434
34152450
34152466
34152482
34152498
34152514
34152530
34152546
34152562
34152578
34152594
34152610
34152626
34152642
34152658
34152674
34152690
34152195
34152211
34152227
34152243
34152259
34152275
34152291
34152307
34152323
34152339
34152355
34152371
34152387
34152403
34152419
34152435
34152451
34152467
34152483
34152499
34152515
34152531
34152547
34152563
34152579
34152595
34152611
34152627
34152643
34152659
34152675
34152691
34152706
34152722
34152738
34152754
34152770
34152786
34152802
34152818
34152834
34152850
34152866
34152882
34152898
34152914
34152930
34152946
34152962
34152978
34152994
34153010
34153026
34153042
34153058
34153074
34153090
34153106
34153122
34153138
34153154
34153170
34153186
34153202
34153218
34153234
34153250
34153266
34153282
34153298
34153314
34153330
34153346
34153362
34153378
34153394
34153410
34153426
34153442
34153458
34153474
34153490
34153506
34153522
34153538
34153554
34153570
34153586
34153602
34153618
34153634
34153650
34153666
34153682
34153698
34153714
34153730
34153746
34153762
34153778
34153794
34153810
34153826
34153842
34153858
34153874
34153890
34153906
34153922
34153938
34153954
34153970
34153986
34154002
34154018
34154034
34154050
34154066
34154082
34154098
34152707
34152723
34152739
34152755
34152771
34152787
34152803
34152819
34152835
34152851
34152867
34152883
34152899
34152915
34152931
34152947
34152963
34152979
34152995
34153011
34153027
34153043
34153059
34153075
34153091
34153107
34153123
34153139
34153155
34153171
34153187
34153203
34153219
34153235
34153251
34153267
34153283
34153299
34153315
34153331
34153347
34153363
34153379
34153395
34153411
34153427
34153443
34153459
34153475
34153491
34153507
34153523
34153539
34153555
34153571
34153587
34153603
34153619
34153635
34153651
34153667
34153683
34153699
34153715
34153731
34153747
34153763
34153779
34153795
34153811
34153827
34153843
34153859
34153875
34153891
34153907
34153923
34153939
34153955
34153971
34153987
34154003
34154019
34154035
34154051
34154067
34154083
34154099
34154242
34154258
34154274
34154290
34154306
34154322
34154338
34154354
34154370
34154386
34154402
34154418
34154434
34154450
34154466
34154482
34154498
34154514
34154530
34154546
34154562
34154578
34154594
34154610
34154626
34154642
34154658
34154674
34154690
34154706
34154722
34154738
34154243
34154259
34154275
34154291
34154307
34154323
34154339
34154355
34154371
34154387
34154403
34154419
34154435
34154451
34154467
34154483
34154499
34154515
34154531
34154547
34154563
34154579
34154595
34154611
34154627
34154643
34154659
34154675
34154691
34154707
34154723
34154739
34154754
34154770
34154786
34154802
34154818
34154834
34154850
34154866
34154882
34154898
34154914
34154930
34154946
34154962
34154978
34154994
34155010
34155026
34155042
34155058
34155074
34155090
34155106
34155122
34155138
34155154
34155170
34155186
34155202
34155218
34155234
34155250
34155266
34155282
34155298
34155314
34155330
34155346
34155362
34155378
34155394
34155410
34155426
34155442
34155458
34155474
34155490
34155506
34154755
34154771
34154787
34154803
34154819
34154835
34154851
34154867
34154883
34154899
34154915
34154931
34154947
34154963
34154979
34154995
34155011
34155027
34155043
34155059
34155075
34155091
34155107
34155123
34155139
34155155
34155171
34155187
34155203
34155219
34155235
34155251
34155267
34155283
34155299
34155315
34155331
34155347
34155363
34155379
34155395
34155411
34155427
34155443
34155459
34155475
34155491
34155507
34162690
34162706
34162722
34162738
34162754
34162770
34162786
34162802
34162818
34162834
34162850
34162866
34162882
34162898
34162914
34162930
34162946
34162962
34162978
34162994
34163010
34163026
34163042
34163058
34163074
34163090
34163106
34163122
34163138
34163154
34163170
34163186
34163202
34163218
34163234
34163250
34163266
34163282
34163298
34163314
34163330
34163346
34163362
34163378
34163394
34163410
34163426
34163442
34163458
34163474
34163490
34163506
34163522
34163538
34163554
34163570
34163586
34163602
34163618
34163634
34163650
34163666
34163682
34163698
34163714
34163730
34163746
34163762
34163778
34163794
34163810
34163826
34163842
34163858
34163874
34163890
34163906
34163922
34163938
34163954
34163970
34163986
34164002
34164018
34164034
34164050
34164066
34164082
34164098
34164114
34164130
34164146
34164162
34164178
34164194
34164210
34162691
34162707
34162723
34162739
34162755
34162771
34162787
34162803
34162819
34162835
34162851
34162867
34162883
34162899
34162915
34162931
34162947
34162963
34162979
34162995
34163011
34163027
34163043
34163059
34163075
34163091
34163107
34163123
34163139
34163155
34163171
34163187
34163203
34163219
34163235
34163251
34163267
34163283
34163299
34163315
34163331
34163347
34163363
34163379
34163395
34163411
34163427
34163443
34163459
34163475
34163491
34163507
34163523
34163539
34163555
34163571
34163587
34163603
34163619
34163635
34163651
34163667
34163683
34163699
34163715
34163731
34163747
34163763
34163779
34163795
34163811
34163827
34163843
34163859
34163875
34163891
34163907
34163923
34163939
34163955
34163971
34163987
34164003
34164019
34164035
34164051
34164067
34164083
34164099
34164115
34164131
34164147
34164163
34164179
34164195
34164211
34679042
34679058
34679074
34679090
34679106
34679122
34679138
34679154
34679170
34679186
34679202
34679218
34679234
34679250
34679266
34679282
34679298
34679314
34679330
34679346
34679362
34679378
34679394
34679410
34679426
34679442
34679458
34679474
34679490
34679506
34679522
34679538
34679554
34679570
34679586
34679602
34679618
34679634
34679650
34679666
34679682
34679698
34679714
34679730
34679746
34679762
34679778
34679794
34679810
34679826
34679842
34679858
34679874
34679890
34679906
34679922
34679938
34679954
34679970
34679986
34680002
34680018
34680034
34680050
34680066
34680082
34680098
34680114
34680130
34680146
34680162
34680178
34680194
34680210
34680226
34680242
34680258
34680274
34680290
34680306
34680322
34680338
34680354
34680370
34680386
34680402
34680418
34680434
34680450
34680466
34680482
34680498
34680514
34680530
34680546
34680562
34679043
34679059
34679075
34679091
34679107
34679123
34679139
34679155
34679171
34679187
34679203
34679219
34679235
34679251
34679267
34679283
34679299
34679315
34679331
34679347
34679363
34679379
34679395
34679411
34679427
34679443
34679459
34679475
34679491
34679507
34679523
34679539
34679555
34679571
34679587
34679603
34679619
34679635
34679651
34679667
34679683
34679699
34679715
34679731
34679747
34679763
34679779
34679795
34679811
34679827
34679843
34679859
34679875
34679891
34679907
34679923
34679939
34679955
34679971
34679987
34680003
34680019
34680035
34680051
34680067
34680083
34680099
34680115
34680131
34680147
34680163
34680179
34680195
34680211
34680227
34680243
34680259
34680275
34680291
34680307
34680323
34680339
34680355
34680371
34680387
34680403
34680419
34680435
34680451
34680467
34680483
34680499
34680515
34680531
34680547
34680563
34939394
34939410
34939426
34939442
34939458
34939474
34939490
34939506
34939522
34939538
34939554
34939570
34939586
34939602
34939618
34939634
34939650
34939666
34939682
34939698
34939714
34939730
34939746
34939762
34939778
34939794
34939810
34939826
34939842
34939858
34939874
34939890
34939395
34939411
34939427
34939443
34939459
34939475
34939491
34939507
34939523
34939539
34939555
34939571
34939587
34939603
34939619
34939635
34939651
34939667
34939683
34939699
34939715
34939731
34939747
34939763
34939779
34939795
34939811
34939827
34939843
34939859
34939875
34939891
34943490
34943506
34943522
34943538
34943554
34943570
34943586
34943602
34943618
34943634
34943650
34943666
34943682
34943698
34943714
34943730
34943746
34943762
34943778
34943794
34943810
34943826
34943842
34943858
34943874
34943890
34943906
34943922
34943938
34943954
34943970
34943986
34943491
34943507
34943523
34943539
34943555
34943571
34943587
34943603
34943619
34943635
34943651
34943667
34943683
34943699
34943715
34943731
34943747
34943763
34943779
34943795
34943811
34943827
34943843
34943859
34943875
34943891
34943907
34943923
34943939
34943955
34943971
34943987
34949378
34949394
34949410
34949426
34949442
34949458
34949474
34949490
34949506
34949522
34949538
34949554
34949570
34949586
34949602
34949618
34949634
34949650
34949666
34949682
34949698
34949714
34949730
34949746
34949762
34949778
34949794
34949810
34949826
34949842
34949858
34949874
34949890
34949906
34949922
34949938
34949954
34949970
34949986
34950002
34950018
34950034
34950050
34950066
34950082
34950098
34950114
34950130
34950146
34950162
34950178
34950194
34950210
34950226
34950242
34950258
34950274
34950290
34950306
34950322
34950338
34950354
34950370
34950386
34950402
34950418
34950434
34950450
34950466
34950482
34950498
34950514
34950530
34950546
34950562
34950578
34950594
34950610
34950626
34950642
34950658
34950674
34950690
34950706
34950722
34950738
34950754
34950770
34950786
34950802
34950818
34950834
34950850
34950866
34950882
34950898
34949379
34949395
34949411
34949427
34949443
34949459
34949475
34949491
34949507
34949523
34949539
34949555
34949571
34949587
34949603
34949619
34949635
34949651
34949667
34949683
34949699
34949715
34949731
34949747
34949763
34949779
34949795
34949811
34949827
34949843
34949859
34949875
34949891
34949907
34949923
34949939
34949955
34949971
34949987
34950003
34950019
34950035
34950051
34950067
34950083
34950099
34950115
34950131
34950147
34950163
34950179
34950195
34950211
34950227
34950243
34950259
34950275
34950291
34950307
34950323
34950339
34950355
34950371
34950387
34950403
34950419
34950435
34950451
34950467
34950483
34950499
34950515
34950531
34950547
34950563
34950579
34950595
34950611
34950627
34950643
34950659
34950675
34950691
34950707
34950723
34950739
34950755
34950771
34950787
34950803
34950819
34950835
34950851
34950867
34950883
34950899
34963970
34963986
34964002
34964018
34964034
34964050
34964066
34964082
34964098
34964114
34964130
34964146
34964162
34964178
34964194
34964210
34964226
34964242
34964258
34964274
34964290
34964306
34964322
34964338
34964354
34964370
34964386
34964402
34964418
34964434
34964450
34964466
34963971
34963987
34964003
34964019
34964035
34964051
34964067
34964083
34964099
34964115
34964131
34964147
34964163
34964179
34964195
34964211
34964227
34964243
34964259
34964275
34964291
34964307
34964323
34964339
34964355
34964371
34964387
34964403
34964419
34964435
34964451
34964467
34973954
34973970
34973986
34974002
34974018
34974034
34974050
34974066
34974082
34974098
34974114
34974130
34974146
34974162
34974178
34974194
34974210
34974226
34974242
34974258
34974274
34974290
34974306
34974322
34974338
34974354
34974370
34974386
34974402
34974418
34974434
34974450
34974466
34974482
34974498
34974514
34974530
34974546
34974562
34974578
34974594
34974610
34974626
34974642
34974658
34974674
34974690
34974706
34974722
34974738
34974754
34974770
34974786
34974802
34974818
34974834
34974850
34974866
34974882
34974898
34974914
34974930
34974946
34974962
34974978
34974994
34975010
34975026
34975042
34975058
34975074
34975090
34975106
34975122
34975138
34975154
34975170
34975186
34975202
34975218
34975234
34975250
34975266
34975282
34975298
34975314
34975330
34975346
34975362
34975378
34975394
34975410
34975426
34975442
34975458
34975474
34973955
34973971
34973987
34974003
34974019
34974035
34974051
34974067
34974083
34974099
34974115
34974131
34974147
34974163
34974179
34974195
34974211
34974227
34974243
34974259
34974275
34974291
34974307
34974323
34974339
34974355
34974371
34974387
34974403
34974419
34974435
34974451
34974467
34974483
34974499
34974515
34974531
34974547
34974563
34974579
34974595
34974611
34974627
34974643
34974659
34974675
34974691
34974707
34974723
34974739
34974755
34974771
34974787
34974803
34974819
34974835
34974851
34974867
34974883
34974899
34974915
34974931
34974947
34974963
34974979
34974995
34975011
34975027
34975043
34975059
34975075
34975091
34975107
34975123
34975139
34975155
34975171
34975187
34975203
34975219
34975235
34975251
34975267
34975283
34975299
34975315
34975331
34975347
34975363
34975379
34975395
34975411
34975427
34975443
34975459
34975475
34996240
34996256
34996272
34996288
34996304
34996320
34996336
34996352
34996368
34996384
34996400
34996416
34996432
34996448
34996512
34996528
34996736
34996752
34996768
34996784
34996800
34996816
34996832
34996848
34996864
34996880
34996896
34996912
34996928
34996944
34996960
34996976
34997250
34997251
34997266
34997267
34997281
34997282
34997297
34997298
34997313
34997314
35005698
35005714
35005730
35005746
35005762
35005778
35005794
35005810
35005826
35005842
35005858
35005874
35005890
35005906
35005922
35005938
35005954
35005970
35005986
35006002
35006018
35006034
35006050
35006066
35006082
35006098
35006114
35006130
35006146
35006162
35006178
35006194
35006210
35006226
35006242
35006258
35006274
35006290
35006306
35006322
35006338
35006354
35006370
35006386
35006402
35006418
35006434
35006450
35006466
35006482
35006498
35006514
35006530
35006546
35006562
35006578
35006594
35006610
35006626
35006642
35006658
35006674
35006690
35006706
35006722
35006738
35006754
35006770
35006786
35006802
35006818
35006834
35006850
35006866
35006882
35006898
35006914
35006930
35006946
35006962
35006978
35006994
35007010
35007026
35007042
35007058
35007074
35007090
35007106
35007122
35007138
35007154
35007170
35007186
35007202
35007218
35005699
35005715
35005731
35005747
35005763
35005779
35005795
35005811
35005827
35005843
35005859
35005875
35005891
35005907
35005923
35005939
35005955
35005971
35005987
35006003
35006019
35006035
35006051
35006067
35006083
35006099
35006115
35006131
35006147
35006163
35006179
35006195
35006211
35006227
35006243
35006259
35006275
35006291
35006307
35006323
35006339
35006355
35006371
35006387
35006403
35006419
35006435
35006451
35006467
35006483
35006499
35006515
35006531
35006547
35006563
35006579
35006595
35006611
35006627
35006643
35006659
35006675
35006691
35006707
35006723
35006739
35006755
35006771
35006787
35006803
35006819
35006835
35006851
35006867
35006883
35006899
35006915
35006931
35006947
35006963
35006979
35006995
35007011
35007027
35007043
35007059
35007075
35007091
35007107
35007123
35007139
35007155
35007171
35007187
35007203
35007219
35007234
35007250
35007266
35007282
35007298
35007314
35007330
35007346
35007362
35007378
35007394
35007410
35007426
35007442
35007458
35007474
35007490
35007506
35007522
35007538
35007554
35007570
35007586
35007602
35007618
35007634
35007650
35007666
35007682
35007698
35007714
35007730
35007746
35007762
35007778
35007794
35007810
35007826
35007842
35007858
35007874
35007890
35007906
35007922
35007938
35007954
35007970
35007986
35008002
35008018
35008034
35008050
35008066
35008082
35008098
35008114
35008130
35008146
35008162
35008178
35008194
35008210
35008226
35008242
35008258
35008274
35008290
35008306
35008322
35008338
35008354
35008370
35008386
35008402
35008418
35008434
35008450
35008466
35008482
35008498
35008514
35008530
35008546
35008562
35008578
35008594
35008610
35008626
35008642
35008658
35008674
35008690
35008706
35008722
35008738
35008754
35008770
35008786
35008802
35008818
35008834
35008850
35008866
35008882
35008898
35008914
35008930
35008946
35008962
35008978
35008994
35009010
35009026
35009042
35009058
35009074
35009090
35009106
35009122
35009138
35009154
35009170
35009186
35009202
35009218
35009234
35009250
35009266
35009282
35009298
35009314
35009330
35009346
35009362
35009378
35009394
35009410
35009426
35009442
35009458
35009474
35009490
35009506
35009522
35007235
35007251
35007267
35007283
35007299
35007315
35007331
35007347
35007363
35007379
35007395
35007411
35007427
35007443
35007459
35007475
35007491
35007507
35007523
35007539
35007555
35007571
35007587
35007603
35007619
35007635
35007651
35007667
35007683
35007699
35007715
35007731
35007747
35007763
35007779
35007795
35007811
35007827
35007843
35007859
35007875
35007891
35007907
35007923
35007939
35007955
35007971
35007987
35008003
35008019
35008035
35008051
35008067
35008083
35008099
35008115
35008131
35008147
35008163
35008179
35008195
35008211
35008227
35008243
35008259
35008275
35008291
35008307
35008323
35008339
35008355
35008371
35008387
35008403
35008419
35008435
35008451
35008467
35008483
35008499
35008515
35008531
35008547
35008563
35008579
35008595
35008611
35008627
35008643
35008659
35008675
35008691
35008707
35008723
35008739
35008755
35008771
35008787
35008803
35008819
35008835
35008851
35008867
35008883
35008899
35008915
35008931
35008947
35008963
35008979
35008995
35009011
35009027
35009043
35009059
35009075
35009091
35009107
35009123
35009139
35009155
35009171
35009187
35009203
35009219
35009235
35009251
35009267
35009283
35009299
35009315
35009331
35009347
35009363
35009379
35009395
35009411
35009427
35009443
35009459
35009475
35009491
35009507
35009523
35009538
35009554
35009570
35009586
35009602
35009618
35009634
35009650
35009666
35009682
35009698
35009714
35009730
35009746
35009762
35009778
35009794
35009810
35009826
35009842
35009858
35009874
35009890
35009906
35009922
35009938
35009954
35009970
35009986
35010002
35010018
35010034
35010050
35010066
35010082
35010098
35010114
35010130
35010146
35010162
35010178
35010194
35010210
35010226
35010242
35010258
35010274
35010290
35010306
35010322
35010338
35010354
35010370
35010386
35010402
35010418
35010434
35010450
35010466
35010482
35010498
35010514
35010530
35010546
35010562
35010578
35010594
35010610
35010626
35010642
35010658
35010674
35010690
35010706
35010722
35010738
35010754
35010770
35010786
35010802
35010818
35010834
35010850
35010866
35010882
35010898
35010914
35010930
35010946
35010962
35010978
35010994
35011010
35011026
35011042
35011058
35011074
35011090
35011106
35011122
35011138
35011154
35011170
35011186
35011202
35011218
35011234
35011250
35011266
35011282
35011298
35011314
35011330
35011346
35011362
35011378
35011394
35011410
35011426
35011442
35011458
35011474
35011490
35011506
35011522
35011538
35011554
35011570
35011586
35011602
35011618
35011634
35011650
35011666
35011682
35011698
35011714
35011730
35011746
35011762
35011778
35011794
35011810
35011826
35009539
35009555
35009571
35009587
35009603
35009619
35009635
35009651
35009667
35009683
35009699
35009715
35009731
35009747
35009763
35009779
35009795
35009811
35009827
35009843
35009859
35009875
35009891
35009907
35009923
35009939
35009955
35009971
35009987
35010003
35010019
35010035
35010051
35010067
35010083
35010099
35010115
35010131
35010147
35010163
35010179
35010195
35010211
35010227
35010243
35010259
35010275
35010291
35010307
35010323
35010339
35010355
35010371
35010387
35010403
35010419
35010435
35010451
35010467
35010483
35010499
35010515
35010531
35010547
35010563
35010579
35010595
35010611
35010627
35010643
35010659
35010675
35010691
35010707
35010723
35010739
35010755
35010771
35010787
35010803
35010819
35010835
35010851
35010867
35010883
35010899
35010915
35010931
35010947
35010963
35010979
35010995
35011011
35011027
35011043
35011059
35011075
35011091
35011107
35011123
35011139
35011155
35011171
35011187
35011203
35011219
35011235
35011251
35011267
35011283
35011299
35011315
35011331
35011347
35011363
35011379
35011395
35011411
35011427
35011443
35011459
35011475
35011491
35011507
35011523
35011539
35011555
35011571
35011587
35011603
35011619
35011635
35011651
35011667
35011683
35011699
35011715
35011731
35011747
35011763
35011779
35011795
35011811
35011827
34997762
34997763
34997778
34997779
34997890
34997891
34997794
34997795
34997810
34997811
34997826
34997827
34997842
34997843
34997906
34997907
34997858
34997859
34997874
34997875
34998016
34998032
34998050
34998051
34998066
34998067
34998082
34998083
34998098
34998099
34998114
34998115
34998130
34998131
34998146
34998147
34998162
34998163
34998178
34998179
35021330
35021346
35021362
35021378
35021394
35021410
35021426
35021442
35021458
35021474
35021331
35021347
35021363
35021379
35021395
35021411
35021427
35021443
35021459
35021475
35021586
35021602
35021618
35021634
35021650
35021666
35021682
35021698
35021714
35021730
35021587
35021603
35021619
35021635
35021651
35021667
35021683
35021699
35021715
35021731
35021842
35021858
35021874
35021890
35021906
35021922
35021938
35021954
35021970
35021986
35021843
35021859
35021875
35021891
35021907
35021923
35021939
35021955
35021971
35021987
35022098
35022114
35022130
35022146
35022162
35022178
35022194
35022210
35022226
35022242
35022099
35022115
35022131
35022147
35022163
35022179
35022195
35022211
35022227
35022243
35022354
35022370
35022386
35022402
35022418
35022434
35022450
35022466
35022482
35022498
35022355
35022371
35022387
35022403
35022419
35022435
35022451
35022467
35022483
35022499
35022610
35022626
35022642
35022658
35022674
35022690
35022706
35022722
35022738
35022754
35022611
35022627
35022643
35022659
35022675
35022691
35022707
35022723
35022739
35022755
35025570
35025586
35025602
35025618
35025634
35025650
35025666
35025682
35025698
35025714
35025730
35025746
35025762
35025778
35025794
35025810
35025826
35025842
35025858
35025874
35025890
35025906
35025922
35025938
35025954
35025970
35025986
35026002
35026018
35026034
35026050
35026066
35026082
35026098
35026114
35026130
35026146
35026162
35026178
35026194
35026210
35026226
35026242
35026258
35026274
35026290
35026306
35026322
35026338
35026354
35026370
35026386
35026402
35026418
35026434
35026450
35026466
35026482
35026498
35026514
35026530
35026546
35026562
35026578
35025571
35025587
35025603
35025619
35025635
35025651
35025667
35025683
35025699
35025715
35025731
35025747
35025763
35025779
35025795
35025811
35025827
35025843
35025859
35025875
35025891
35025907
35025923
35025939
35025955
35025971
35025987
35026003
35026019
35026035
35026051
35026067
35026083
35026099
35026115
35026131
35026147
35026163
35026179
35026195
35026211
35026227
35026243
35026259
35026275
35026291
35026307
35026323
35026339
35026355
35026371
35026387
35026403
35026419
35026435
35026451
35026467
35026483
35026499
35026515
35026531
35026547
35026563
35026579
35026594
35026610
35026626
35026642
35026658
35026674
35026690
35026706
35026722
35026738
35026754
35026770
35026786
35026802
35026818
35026834
35026850
35026866
35026882
35026898
35026595
35026611
35026627
35026643
35026659
35026675
35026691
35026707
35026723
35026739
35026755
35026771
35026787
35026803
35026819
35026835
35026851
35026867
35026883
35026899
35026914
35026930
35026946
35026962
35026978
35026994
35027010
35027026
35027042
35027058
35027074
35027090
35027106
35027122
35027138
35027154
35027170
35027186
35027202
35027218
35026915
35026931
35026947
35026963
35026979
35026995
35027011
35027027
35027043
35027059
35027075
35027091
35027107
35027123
35027139
35027155
35027171
35027187
35027203
35027219
34998274
34998290
34998306
34998322
34998338
34998354
34998370
34998386
34998402
34998418
34998434
34998450
34998466
34998482
34998498
34998514
34998530
34998546
34998562
34998578
34998594
34998610
34998626
34998642
34998658
34998674
34998690
34998706
34998722
34998738
34998754
34998770
34998786
34998802
34998818
34998834
34998850
34998866
34998882
34998898
34998914
34998930
34998946
34998962
34998978
34998994
34999010
34999026
34999042
34999058
34999074
34999090
34999106
34999122
34999138
34999154
34999170
34999186
34999202
34999218
34999234
34999250
34999266
34999282
34998275
34998291
34998307
34998323
34998339
34998355
34998371
34998387
34998403
34998419
34998435
34998451
34998467
34998483
34998499
34998515
34998531
34998547
34998563
34998579
34998595
34998611
34998627
34998643
34998659
34998675
34998691
34998707
34998723
34998739
34998755
34998771
34998787
34998803
34998819
34998835
34998851
34998867
34998883
34998899
34998915
34998931
34998947
34998963
34998979
34998995
34999011
34999027
34999043
34999059
34999075
34999091
34999107
34999123
34999139
34999155
34999171
34999187
34999203
34999219
34999235
34999251
34999267
34999283
34999298
34999314
34999330
34999346
34999362
34999378
34999394
34999410
34999426
34999442
34999458
34999474
34999490
34999506
34999522
34999538
34999554
34999570
34999586
34999602
34999618
34999634
34999650
34999666
34999682
34999698
34999714
34999730
34999746
34999762
34999778
34999794
34999810
34999826
34999842
34999858
34999874
34999890
34999906
34999922
34999938
34999954
34999970
34999986
35000002
35000018
35000034
35000050
35000066
35000082
35000098
35000114
35000130
35000146
35000162
35000178
35000194
35000210
35000226
35000242
35000258
35000274
35000290
35000306
34999299
34999315
34999331
34999347
34999363
34999379
34999395
34999411
34999427
34999443
34999459
34999475
34999491
34999507
34999523
34999539
34999555
34999571
34999587
34999603
34999619
34999635
34999651
34999667
34999683
34999699
34999715
34999731
34999747
34999763
34999779
34999795
34999811
34999827
34999843
34999859
34999875
34999891
34999907
34999923
34999939
34999955
34999971
34999987
35000003
35000019
35000035
35000051
35000067
35000083
35000099
35000115
35000131
35000147
35000163
35000179
35000195
35000211
35000227
35000243
35000259
35000275
35000291
35000307
35000322
35000338
35000354
35000370
35000386
35000402
35000418
35000434
35000450
35000466
35000482
35000498
35000514
35000530
35000546
35000562
35000578
35000594
35000610
35000626
35000642
35000658
35000674
35000690
35000706
35000722
35000738
35000754
35000770
35000786
35000802
35000818
35000834
35000850
35000866
35000882
35000898
35000914
35000930
35000946
35000962
35000978
35000994
35001010
35001026
35001042
35001058
35001074
35001090
35001106
35001122
35001138
35001154
35001170
35001186
35001202
35001218
35001234
35001250
35001266
35001282
35001298
35001314
35001330
35000323
35000339
35000355
35000371
35000387
35000403
35000419
35000435
35000451
35000467
35000483
35000499
35000515
35000531
35000547
35000563
35000579
35000595
35000611
35000627
35000643
35000659
35000675
35000691
35000707
35000723
35000739
35000755
35000771
35000787
35000803
35000819
35000835
35000851
35000867
35000883
35000899
35000915
35000931
35000947
35000963
35000979
35000995
35001011
35001027
35001043
35001059
35001075
35001091
35001107
35001123
35001139
35001155
35001171
35001187
35001203
35001219
35001235
35001251
35001267
35001283
35001299
35001315
35001331
35001346
35001362
35001378
35001394
35001410
35001426
35001442
35001458
35001474
35001490
35001506
35001522
35001538
35001554
35001570
35001586
35001602
35001618
35001634
35001650
35001666
35001682
35001698
35001714
35001730
35001746
35001762
35001778
35001794
35001810
35001826
35001842
35001858
35001874
35001890
35001906
35001922
35001938
35001954
35001970
35001986
35002002
35002018
35002034
35002050
35002066
35002082
35002098
35002114
35002130
35002146
35002162
35002178
35002194
35002210
35002226
35002242
35002258
35002274
35002290
35002306
35002322
35002338
35002354
35001347
35001363
35001379
35001395
35001411
35001427
35001443
35001459
35001475
35001491
35001507
35001523
35001539
35001555
35001571
35001587
35001603
35001619
35001635
35001651
35001667
35001683
35001699
35001715
35001731
35001747
35001763
35001779
35001795
35001811
35001827
35001843
35001859
35001875
35001891
35001907
35001923
35001939
35001955
35001971
35001987
35002003
35002019
35002035
35002051
35002067
35002083
35002099
35002115
35002131
35002147
35002163
35002179
35002195
35002211
35002227
35002243
35002259
35002275
35002291
35002307
35002323
35002339
35002355
35002370
35002386
35002402
35002418
35002434
35002450
35002466
35002482
35002498
35002514
35002530
35002546
35002562
35002578
35002594
35002610
35002626
35002642
35002658
35002674
35002690
35002706
35002722
35002738
35002754
35002770
35002786
35002802
35002818
35002834
35002850
35002866
35002882
35002898
35002914
35002930
35002946
35002962
35002978
35002994
35003010
35003026
35003042
35003058
35003074
35003090
35003106
35003122
35003138
35003154
35003170
35003186
35003202
35003218
35003234
35003250
35003266
35003282
35003298
35003314
35003330
35003346
35003362
35003378
35002371
35002387
35002403
35002419
35002435
35002451
35002467
35002483
35002499
35002515
35002531
35002547
35002563
35002579
35002595
35002611
35002627
35002643
35002659
35002675
35002691
35002707
35002723
35002739
35002755
35002771
35002787
35002803
35002819
35002835
35002851
35002867
35002883
35002899
35002915
35002931
35002947
35002963
35002979
35002995
35003011
35003027
35003043
35003059
35003075
35003091
35003107
35003123
35003139
35003155
35003171
35003187
35003203
35003219
35003235
35003251
35003267
35003283
35003299
35003315
35003331
35003347
35003363
35003379
35003394
35003410
35003426
35003442
35003458
35003474
35003490
35003506
35003522
35003538
35003554
35003570
35003586
35003602
35003618
35003634
35003650
35003666
35003682
35003698
35003714
35003730
35003746
35003762
35003778
35003794
35003810
35003826
35003842
35003858
35003874
35003890
35003906
35003922
35003938
35003954
35003970
35003986
35004002
35004018
35004034
35004050
35004066
35004082
35004098
35004114
35004130
35004146
35004162
35004178
35004194
35004210
35004226
35004242
35004258
35004274
35004290
35004306
35004322
35004338
35004354
35004370
35004386
35004402
35003395
35003411
35003427
35003443
35003459
35003475
35003491
35003507
35003523
35003539
35003555
35003571
35003587
35003603
35003619
35003635
35003651
35003667
35003683
35003699
35003715
35003731
35003747
35003763
35003779
35003795
35003811
35003827
35003843
35003859
35003875
35003891
35003907
35003923
35003939
35003955
35003971
35003987
35004003
35004019
35004035
35004051
35004067
35004083
35004099
35004115
35004131
35004147
35004163
35004179
35004195
35004211
35004227
35004243
35004259
35004275
35004291
35004307
35004323
35004339
35004355
35004371
35004387
35004403
35022866
35022882
35022898
35022914
35022867
35022883
35022899
35022915
35023122
35023138
35023154
35023170
35023123
35023139
35023155
35023171
35023378
35023394
35023410
35023426
35023379
35023395
35023411
35023427
35023634
35023650
35023666
35023682
35023635
35023651
35023667
35023683
35023889
35023890
35023905
35023906
35023921
35023922
35023937
35023938
35023953
35023954
35023969
35023970
35023985
35023986
35024001
35024002
35024017
35024018
35016194
35016210
35016226
35016242
35016258
35016274
35016290
35016306
35016322
35016338
35016354
35016370
35016386
35016402
35016418
35016434
35016450
35016466
35016482
35016498
35016514
35016530
35016546
35016562
35016578
35016594
35016610
35016626
35016642
35016658
35016674
35016690
35016706
35016722
35016738
35016754
35016770
35016786
35016802
35016818
35016834
35016850
35016866
35016882
35016898
35016914
35016930
35016946
35016962
35016978
35016994
35017010
35017026
35017042
35017058
35017074
35017090
35017106
35017122
35017138
35017154
35017170
35017186
35017202
35017218
35017234
35017250
35017266
35017282
35017298
35017314
35017330
35017346
35017362
35017378
35017394
35017410
35017426
35017442
35017458
35017474
35017490
35017506
35017522
35017538
35017554
35017570
35017586
35017602
35017618
35017634
35017650
35017666
35017682
35017698
35017714
35016195
35016211
35016227
35016243
35016259
35016275
35016291
35016307
35016323
35016339
35016355
35016371
35016387
35016403
35016419
35016435
35016451
35016467
35016483
35016499
35016515
35016531
35016547
35016563
35016579
35016595
35016611
35016627
35016643
35016659
35016675
35016691
35016707
35016723
35016739
35016755
35016771
35016787
35016803
35016819
35016835
35016851
35016867
35016883
35016899
35016915
35016931
35016947
35016963
35016979
35016995
35017011
35017027
35017043
35017059
35017075
35017091
35017107
35017123
35017139
35017155
35017171
35017187
35017203
35017219
35017235
35017251
35017267
35017283
35017299
35017315
35017331
35017347
35017363
35017379
35017395
35017411
35017427
35017443
35017459
35017475
35017491
35017507
35017523
35017539
35017555
35017571
35017587
35017603
35017619
35017635
35017651
35017667
35017683
35017699
35017715
35004432
35004448
35004464
35004480
35004496
35004512
35004528
35004544
35004560
35004576
35004592
35004608
35004624
35004640
35004656
35004672
35004689
35004690
35004691
35004705
35004706
35004707
35004721
35004722
35004723
35004737
35004738
35004739
35004928
35004944
35004960
35004976
35004992
35005008
35005056
35005072
35005088
35005120
35005136
35005152
35005168
35005186
35005187
35005202
35005203
35005218
35005219
35005234
35005235
35005250
35005251
35005346
35005347
35005362
35005363
35013730
35013731
35013746
35013747
35005378
35005379
35005394
35005395
35005410
35005411
35005426
35005427
35005440
35032224
35032240
35005456
35032256
35005472
35005488
35005504
35005520
35005536
35005552
35012353
35012354
35012369
35012370
35012357
35012373
35029522
35029523
35029538
35029539
35029554
35029555
35029570
35029571
35029586
35029587
35029601
35029602
35029617
35029633
35029634
35029649
35029665
35029666
35029681
35029697
33554689
33554690
33554691
33554692
33554693
33554705
33554706
33554707
33554708
33554721
35012432
35012449
35012608
35012624
35012640
35012672
35012688
35012704
35012720
35012736
35012752
35012864
35012880
35012896
35012928
35012944
35012960
35012976
35012992
35013008
35013024
35013376
35013377
35013378
35013379
35013380
35013381
35013408
35013409
35013410
35013411
35013412
35013413
35013392
35013393
35013394
35013395
35013396
35013397
35013424
35013425
35013426
35013427
35013428
35013429
35013456
35013457
35013458
35013459
35013460
35013461
35013472
35013473
35013474
35013475
35013476
35013477
35013600
35013601
35013602
35013603
35029776
35029777
35029792
35029793
35029840
35029841
35029872
35029873
35029856
35029857
35029888
35029889
35029905
35029906
35029907
35029909
35029910
35029911
35029912
35029913
35029914
35029921
35029922
35029923
35029925
35029926
35029927
35029928
35029929
35029930
35029937
35029938
35029939
35029941
35029942
35029943
35029944
35029945
35029946
35029953
35029954
35029955
35029957
35029958
35029959
35029960
35029961
35029962
35029969
35029970
35029971
35029973
35029974
35029975
35029976
35029977
35029978
35029985
35029986
35029987
35029989
35029990
35029991
35029992
35029993
35029994
35030001
35030002
35030003
35030005
35030006
35030007
35030008
35030009
35030010
35030017
35030018
35030019
35030021
35030022
35030023
35030024
35030025
35030026
35030033
35030034
35030035
35030037
35030038
35030039
35030040
35030041
35030042
35030049
35030050
35030051
35030053
35030054
35030055
35030056
35030057
35030058
35030065
35030066
35030067
35030069
35030070
35030071
35030072
35030073
35030074
35030081
35030082
35030083
35030085
35030086
35030087
35030088
35030089
35030090
35030097
35030098
35030099
35030101
35030102
35030103
35030104
35030105
35030106
35030113
35030114
35030115
35030117
35030118
35030119
35030120
35030121
35030122
35030129
35030130
35030131
35030133
35030134
35030135
35030136
35030137
35030138
35030145
35030146
35030147
35030149
35030150
35030151
35030152
35030153
35030154
35030161
35030162
35030163
35030165
35030166
35030167
35030168
35030169
35030170
35030177
35030178
35030179
35030180
35030272
35030273
35030274
35030275
35030276
35030277
35030304
35030305
35030306
35030307
35030308
35030309
35030288
35030289
35030290
35030291
35030292
35030293
35030320
35030321
35030322
35030323
35030324
35030325
35030352
35030353
35030354
35030355
35030356
35030357
35030368
35030369
35030370
35030371
35030372
35030373
35030528
35030529
35030530
35030531
35030532
35030533
35030560
35030561
35030562
35030563
35030564
35030565
35030544
35030545
35030546
35030547
35030548
35030549
35030576
35030577
35030578
35030579
35030580
35030581
35030608
35030609
35030610
35030611
35030612
35030613
35030624
35030625
35030626
35030627
35030628
35030629
35030784
35030785
35030786
35030787
35030788
35030789
35030816
35030817
35030818
35030819
35030820
35030821
35030800
35030801
35030802
35030803
35030804
35030805
35030832
35030833
35030834
35030835
35030836
35030837
35030864
35030865
35030866
35030867
35030868
35030869
35030880
35030881
35030882
35030883
35030884
35030885
35031040
35031041
35031042
35031043
35031044
35031045
35031072
35031073
35031074
35031075
35031076
35031077
35031056
35031057
35031058
35031059
35031060
35031061
35031088
35031089
35031090
35031091
35031092
35031093
35031120
35031121
35031122
35031123
35031124
35031125
35031136
35031137
35031138
35031139
35031140
35031141
35031184
35031185
35031186
35031187
35031188
35031189
35031190
35031191
35031192
35031193
35031194
35031195
35031196
35031197
35031198
35031199
35031376
35031377
35031408
35031409
35031392
35031393
35031424
35031425
35031312
35031313
35031328
35031329
35031632
35031633
35031664
35031665
35031648
35031649
35031680
35031681
35031568
35031569
35031584
35031585
35031888
35031889
35031920
35031921
35031904
35031905
35031936
35031937
35031824
35031825
35031840
35031841
35032144
35032145
35032176
35032177
35032160
35032161
35032192
35032193
35032080
35032081
35032096
35032097
35032210
35032211
35013634
35013635
35013650
35013651
35013666
35013667
35013682
35013683
35028992
35028993
35028994
35029009
35029010
35029011
35029026
35029027
35038177
35038178
