33883393
33883457
33883521
33883585
33883617
33883425
33883489
33883553
33890977
33882417
33554705
17405345
33890978
33882418
33554706
17405346
33890979
33882419
33554707
17405347
17430609
34151249
33882547
34155696
34155712
33882609
33882548
34155744
33882610
34155728
33883137
33883153
33883169
33883201
33883217
33883233
33883249
33883265
33883281
33883297
33883313
84344848
34149761
33882865
33886257
33886241
35022625
17635057
34150017
33886305
33886321
35022641
17635073
34150129
33888833
34150113
33889137
35026593
34149809
35024945
34150033
34150049
33883345
34949825
34949809
34149985
34998417
34150081
35022433
17635089
34149937
34150065
33884145
34949857
34949841
34150001
34998497
34150097
35022449
17635105
34149953
33888257
33888609
33888337
33888289
33888625
33888513
33888321
33888529
33888353
33888369
33888385
33888401
33888417
33888545
33888577
33888433
33888449
33888465
33888481
33888497
33888561
33888593
33882549
34155664
33882545
33882546
33886785
33886801
33886817
34949842
34150002
34998498
34150098
35022706
17635106
34149954
33888258
33888610
33888338
33888290
33888626
33888514
33888322
33888530
33888354
33888370
33888386
33888402
33888418
33888546
33888578
33888434
33888450
33888466
33888482
33888498
33888562
33888594
33882550
34155664
33882545
33882546
33886786
33886802
33886818
33882548
34155744
33882610
34155728
33883138
33883154
33883170
33883202
33883218
33883250
33883266
33883282
33883298
33883314
34149762
33882866
33886258
33886242
35022626
17635058
34150018
33886306
33886322
35022642
17635074
34150034
34150050
33883346
34949826
34949810
34149986
34998418
34150082
35022690
17635090
34149938
34150066
33884146
34949858
34150130
33888834
34150114
33889138
35026594
34149810
35024946
33883394
33883458
33883522
33883586
33883618
33883426
33883490
33883554
33890977
33882417
33554705
17405345
33890978
33882418
33554706
17405346
33890979
33882419
33554707
17405347
17430610
34151250
33882547
34155696
34155712
33882609
34150131
33888835
34150115
33889139
35026595
34149811
35024947
33883395
33883459
33883523
33883587
33883619
33883427
33883491
33883555
33890977
33882417
33554705
17405345
33890978
33882418
33554706
17405346
33890979
33882419
33554707
17405347
17430611
34151251
33882547
34155696
34155712
33882609
33882548
34155744
33882610
34155728
33883139
33883155
33883171
33883203
33883219
33883235
33883251
33883267
33883283
33883299
33883315
34149763
33882867
33886259
33886243
35022627
17635059
34150019
33886307
33886323
35022643
17635075
34150035
34150051
33883347
34949827
34949811
34149987
34998419
34150083
35022691
17635091
34149939
34150067
33884147
34949859
34949843
34150003
34998499
34150099
35022707
17635107
34149955
33888259
33888611
33888339
33888291
33888627
33888515
33888323
33888531
33888355
33888371
33888387
33888403
33888419
33888547
33888579
33888435
33888451
33888467
33888483
33888499
33888563
33888595
33882551
34155664
33882545
33882546
33886787
33886803
33886819
34150132
33888836
34150116
33889140
35026596
34149812
35024948
33883396
33883460
33883524
33883588
33883620
33883428
33883492
33883556
33890977
33882417
33554705
17405345
33890978
33882418
33554706
17405346
33890979
33882419
33554707
17405347
17430612
34151252
33882547
34155696
34155712
33882609
33882548
34155744
33882610
34155728
33883140
33883156
33883172
33883204
33883220
33883236
33883252
33883268
33883284
33883300
33883316
34149764
33882868
33886260
33886244
35022628
17635060
34150020
33886308
33886324
35022644
17635076
34150036
34150052
33883348
34949812
34949828
34149988
34998420
34150084
35022692
17635092
34149940
34150068
33884148
34949860
34949844
34150004
34998500
34150100
35022708
17635108
34149956
33888260
33888612
33888340
33888292
33888628
33888516
33888324
33888532
33888356
33888372
33888388
33888404
33888420
33888548
33888580
33888436
33888452
33888468
33888484
33888500
33888564
33888596
33882552
34155664
33882545
33882546
33886788
33886804
33886820
