33882624
33882640
33891216
33896064
33896080
33896096
33896112
33896128
33896144
33896160
33896176
33896192
33896208
33896224
33896240
33896256
33896272
33896288
33896304
33896320
33896336
33896352
33896368
33896384
33896400
33896416
33896432
33896448
33896464
33896480
33896496
33896512
33896528
33896544
33896560
33896576
33896592
33896608
33896624
33896640
33896656
33896672
33896688
33900944
33900960
34155520
34155536
34155552
34155568
34155584
34155600
34155616
34155632
34155648
34155664
34155680
34155696
34155712
34155728
34155744
34155760
34155776
34155792
34155808
34155824
34155840
34155856
34155872
34155888
34155904
34155920
34155936
34155952
34155968
34155984
34156000
34156016
34156032
34156048
34156064
34156080
34156096
34156112
34156128
34156144
34156160
34156176
34156192
34156208
34156224
34156240
34156256
34156272
34156288
34156304
34156320
34156336
34156352
34156368
34156384
34156400
34156416
34156432
34156448
34156464
34156480
34156496
34156512
34156528
34156544
34156560
34156576
34156592
34156608
34156624
34156640
34156656
34156672
34156688
34156704
34156720
34156736
34156752
34156768
34156784
34156800
34156816
34156832
34156848
34156864
34156880
34156896
34156912
34156928
34156944
34156960
34156976
34156992
34157008
34157024
34157040
34157056
34157072
34157088
34157104
34157120
34157136
34157152
34157168
34157184
34157200
34157216
34157232
34157248
34157264
34157280
34157296
34157312
34157328
34157344
34157360
34157376
34157392
34157408
34157424
34157440
34157456
34157472
34157488
34157504
34157520
34157536
34157552
34157568
34157584
34157600
34157616
34157632
34157648
34157664
34157680
34157696
34157712
34157728
34157744
34157760
34157776
34157792
34157808
34157824
34157840
34157856
34157872
34157888
34157904
34157920
34157936
34157952
34157968
34157984
34158000
34158016
34158032
34158048
34158064
34158080
34158096
34158112
34158128
34158144
34158160
34158176
34158192
34158208
34158224
34158240
34158256
34158272
34158288
34158304
34158320
34158336
34158352
34158368
34158384
34158400
34158416
34158432
34158448
34158464
34158480
34158496
34158512
34158528
34158544
34158560
34158576
34158592
34158608
34158624
34158640
34158656
34158672
34158688
34158704
34158720
34158736
34158752
34158768
34158784
34158800
34158816
34158832
34158848
34158864
34158880
34158896
34158912
34158928
34158944
34158960
34158976
34158992
34159008
34159024
34159040
34159056
34159072
34159088
34159104
34159120
34159136
34159152
34159168
34159184
34159200
34159216
34159232
34159248
34159264
34159280
34159296
34159312
34159328
34159344
34159360
34159376
34159392
34159408
34159424
34159440
34159456
34159472
34159488
34159504
34159520
34159536
34159552
34159568
34159584
34159600
34159616
34159632
34159648
34159664
34159680
34159696
34159712
34159728
34159744
34159760
34159776
34159792
34159808
34159824
34159840
34159856
34159872
34159888
34159904
34159920
34159936
34159952
34159968
34159984
34160000
34160016
34160032
34160048
34160064
34160080
34160096
34160112
34160128
34160144
34160160
34160176
34160192
34160208
34160224
34160240
34160256
34160272
34160288
34160304
34160320
34160336
34160352
34160368
34160384
34160400
34160416
34160432
34160448
34160464
34160480
34160496
34160512
34160528
34160544
34160560
34160576
34160592
34160608
34160624
34160640
34160656
34160672
34160688
34160704
34160720
34160736
34160752
34160768
34160784
34160800
34160816
34160832
34160848
34160864
34160880
34160896
34160912
34160928
34160944
34160960
34160976
34160992
34161008
34161024
34161040
34161056
34161072
34161088
34161104
34161120
34161136
34161152
34161168
34161184
34161200
34161216
34161232
34161248
34161264
34161280
34161296
34161312
34161328
34161344
34161360
34161376
34161392
34161408
34161424
34161440
34161456
34161472
34161488
34161504
34161520
34161536
34161552
34161568
34161584
34161600
34161616
34161632
34161648
34161664
34161680
34161696
34161712
34161728
34161744
34161760
34161776
34161792
34161808
34161824
34161840
34161856
34161872
34161888
34161904
34161920
34161936
34161952
34161968
34161984
34162000
34162016
34162032
34162048
34162064
34162080
34162096
34162112
34162128
34162144
34162160
34162176
34162192
34162208
34162224
34162240
34162256
34162272
34162288
34162304
34162320
34162336
34162352
34162368
34162384
34162400
34162416
34162432
34162448
34162464
34162480
34162496
34162512
34162528
34162544
34162560
34162576
34162592
34162608
34162624
34162640
34162656
34162672
34977792
34977793
34977794
34977795
34977796
34977797
34977798
34977799
34977800
34977801
34977802
34977803
34977804
34977805
34977806
34977807
34977808
34977809
34977810
34977811
34977812
34977813
34977814
34977815
34977816
34977817
34977818
34977819
34977820
34977821
34977822
34977823
34977824
34977825
34977826
34977827
34977828
34977829
34977830
34977831
34977832
34977833
34977834
34977835
34977836
34977837
34977838
34977839
34977840
34977841
34977842
34977843
34977844
34977845
34977846
34977847
34977848
34977849
34977850
34977851
34977852
34977853
34977854
34977855
34977856
34977857
34977858
34977859
34977860
34977861
34977862
34977863
34977864
34977865
34977866
34977867
34977868
34977869
34977870
34977871
34977872
34977873
34977874
34977875
34977876
34977877
34977878
34977879
34977880
34977881
34977882
34977883
34977884
34977885
34977886
34977887
34977888
34977889
34977890
34977891
34977892
34977893
34977894
34977895
34977896
34977897
34977898
34977899
34977900
34977901
34977902
34977903
34977904
34977905
34977906
34977907
34977908
34977909
34977910
34977911
34977912
34977913
34977914
34977915
34977916
34977917
34977918
34977919
34977920
34977921
34977922
34977923
34977924
34977925
34977926
34977927
34977928
34977929
34977930
34977931
34977932
34977933
34977934
34977935
34977936
34977937
34977938
34977939
34977940
34977941
34977942
34977943
34977944
34977945
34977946
34977947
34977948
34977949
34977950
34977951
34977952
34977953
34977954
34977955
34977956
34977957
34977958
34977959
34977960
34977961
34977962
34977963
34977964
34977965
34977966
34977967
34977968
34977969
34977970
34977971
34977972
34977973
34977974
34977975
34977976
34977977
34977978
34977979
34977980
34977981
34977982
34977983
34978048
34978064
34978080
34978096
34978112
34978128
34978144
34978160
34978176
34978192
34978208
34978224
34978240
34978256
34978272
34978288
34978304
34978320
34978336
34978352
34978368
34978384
34978400
34978416
34978432
34978448
34978464
34978480
34978496
34978512
34978528
34978544
35004944
35012357
35012373
35021033
35021034
35021035
35021036
35021037
35021038
35029617
35029649
35029681
