35021329
35021345
35021361
35021377
35021393
35021409
35021425
35021441
35021457
35021473
35021330
35021346
35021362
35021378
35021394
35021410
35021426
35021442
35021458
35021474
35021331
35021347
35021363
35021379
35021395
35021411
35021427
35021443
35021459
35021475
35021332
35021348
35021364
35021380
35021396
35021412
35021428
35021444
35021460
35021476
35021585
35021601
35021617
35021633
35021649
35021665
35021681
35021697
35021713
35021729
35021586
35021602
35021618
35021634
35021650
35021666
35021682
35021698
35021714
35021730
35021587
35021603
35021619
35021635
35021651
35021667
35021683
35021699
35021715
35021731
35021588
35021604
35021620
35021636
35021652
35021668
35021684
35021700
35021716
35021732
35021841
35021857
35021873
35021889
35021905
35021921
35021937
35021953
35021969
35021985
35021842
35021858
35021874
35021890
35021906
35021922
35021938
35021954
35021970
35021986
35021843
35021859
35021875
35021891
35021907
35021923
35021939
35021955
35021971
35021987
35021844
35021860
35021876
35021892
35021908
35021924
35021940
35021956
35021972
35021988
35022097
35022113
35022129
35022145
35022161
35022177
35022193
35022209
35022225
35022241
35022098
35022114
35022130
35022146
35022162
35022178
35022194
35022210
35022226
35022242
35022099
35022115
35022131
35022147
35022163
35022179
35022195
35022211
35022227
35022243
35022100
35022116
35022132
35022148
35022164
35022180
35022196
35022212
35022228
35022244
35022353
35022369
35022385
35022401
35022417
35022433
35022449
35022465
35022481
35022497
35022354
35022370
35022386
35022402
35022418
35022434
35022450
35022466
35022482
35022498
35022355
35022371
35022387
35022403
35022419
35022435
35022451
35022467
35022483
35022499
35022356
35022372
35022388
35022404
35022420
35022436
35022452
35022468
35022484
35022500
35022609
35022625
35022641
35022657
35022673
35022689
35022705
35022721
35022737
35022753
35022610
35022626
35022642
35022658
35022674
35022690
35022706
35022722
35022738
35022754
35022611
35022627
35022643
35022659
35022675
35022691
35022707
35022723
35022739
35022755
35022612
35022628
35022644
35022660
35022676
35022692
35022708
35022724
35022740
35022756
