107136
107040
107296
114848
77922
106512
118928
119168
77939
106544
105283
118960
110608
119088
119040
110704
110880
119008
110640
107104
106672
107120
107280
77906
102544
106816
107264
114704
119200
110832
106960
119056
110912
110768
77938
118800
106848
102528
77840
106752
94368
106880
110736
98867
110864
107088
107072
119184
69680
106768
98914
110672
107184
118992
118912
110784
110656
106640
73744
107232
77888
94416
114800
118816
106528
106736
119024
102432
107216
94432
114896
114816
107008
106832
106912
106864
106720
110720
106976
110800
106800
98866
107168
110896
107056
114864
114784
107200
69664
106784
102496
114720
106928
77872
69648
106896
114768
77923
107152
106560
118896
77856
110688
106656
110624
107024
94352
110752
102448
114880
102480
110848
102464
118976
77907
102416
106944
114752
98915
102512
110816
107392
107248
106704
114832
106688
105267
118944
106992
114736
